
 1024 64 4 16 64 
Ram latency cost,467.207000, 456, 447, 447, 6930

 2048 64 4 16 128 
Ram latency cost,1056.809000, 849, 849, 843, 25297

 4096 64 4 16 256 
Ram latency cost,1577.028000, 1635, 1629, 64, 42635

 8192 64 4 16 512 
Ram latency cost,6269.612000, 3228, 3225, 3194, 2795214

 16384 64 4 16 1024 
Ram latency cost,19416.667000, 6767, 6751, 64, 12221400

 32768 64 4 16 2048 
Ram latency cost,27185.026000, 13436, 13404, 64, 13139733

 65536 64 4 16 4096 
Ram latency cost,68862.727000, 26888, 26789, 64, 38859215

 131072 64 4 16 8192 
Ram latency cost,138598.019000, 53608, 64, 64, 37296298

 262144 64 4 16 16384 
Ram latency cost,263775.030000, 107651, 64, 64, 40342415
