Seq_Read, 21168.000000, 21168, 21168, 21168, 21168
Seq_Read, 8512.000000, 8512, 8512, 8512, 8512
Seq_Read, 8944.000000, 8944, 8944, 8944, 8944
Seq_Read, 27164.000000, 27164, 27164, 27164, 27164
Seq_Read, 24532.000000, 24532, 24532, 24532, 24532
Seq_Read, 10568.000000, 10568, 10568, 10568, 10568
Seq_Read, 18934.000000, 18934, 18934, 18934, 18934
Seq_Read, 15975.000000, 15975, 15975, 15975, 15975
Seq_Read, 15167.000000, 15167, 15167, 15167, 15167
Seq_Read, 16750.000000, 16750, 16750, 16750, 16750
Seq_Read, 15550.000000, 15550, 15550, 15550, 15550
Seq_Read, 14450.000000, 14450, 14450, 14450, 14450
Seq_Read, 10236.000000, 10236, 10236, 10236, 10236
Seq_Read, 6894.000000, 6894, 6894, 6894, 6894
Seq_Read, 836982.000000, 836982, 836982, 836982, 836982
Seq_Read, 19458.000000, 19458, 19458, 19458, 19458
Seq_Read, 11200.000000, 11200, 11200, 11200, 11200
Seq_Read, 9681.000000, 9681, 9681, 9681, 9681
Seq_Read, 11494.000000, 11494, 11494, 11494, 11494
Seq_Read, 11588.000000, 11588, 11588, 11588, 11588
Seq_Read, 18351.000000, 18351, 18351, 18351, 18351
Seq_Read, 6970.000000, 6970, 6970, 6970, 6970
Seq_Read, 6751.000000, 6751, 6751, 6751, 6751
Seq_Read, 9194.000000, 9194, 9194, 9194, 9194
Seq_Read, 6754.000000, 6754, 6754, 6754, 6754
Seq_Read, 7221.000000, 7221, 7221, 7221, 7221
Seq_Read, 8003.000000, 8003, 8003, 8003, 8003
Seq_Read, 8957.000000, 8957, 8957, 8957, 8957
Seq_Read, 6734.000000, 6734, 6734, 6734, 6734
Seq_Read, 6966.000000, 6966, 6966, 6966, 6966
Seq_Read, 7615.000000, 7615, 7615, 7615, 7615
Seq_Read, 7318.000000, 7318, 7318, 7318, 7318
Seq_Read, 8885.000000, 8885, 8885, 8885, 8885
Seq_Read, 11570.000000, 11570, 11570, 11570, 11570
Seq_Read, 8843.000000, 8843, 8843, 8843, 8843
Seq_Read, 7203.000000, 7203, 7203, 7203, 7203
Seq_Read, 9040.000000, 9040, 9040, 9040, 9040
Seq_Read, 7497.000000, 7497, 7497, 7497, 7497
Seq_Read, 6309.000000, 6309, 6309, 6309, 6309
Seq_Read, 6400.000000, 6400, 6400, 6400, 6400
Seq_Read, 5597.000000, 5597, 5597, 5597, 5597
Seq_Read, 5897.000000, 5897, 5897, 5897, 5897
Seq_Read, 6376.000000, 6376, 6376, 6376, 6376
Seq_Read, 10873.000000, 10873, 10873, 10873, 10873
Seq_Read, 10646.000000, 10646, 10646, 10646, 10646
Seq_Read, 14509.000000, 14509, 14509, 14509, 14509
Seq_Read, 6275.000000, 6275, 6275, 6275, 6275
Seq_Read, 10503.000000, 10503, 10503, 10503, 10503
Seq_Read, 9994.000000, 9994, 9994, 9994, 9994
Seq_Read, 14685.000000, 14685, 14685, 14685, 14685
Seq_Read, 19782.000000, 19782, 19782, 19782, 19782
Seq_Read, 15591.000000, 15591, 15591, 15591, 15591
Seq_Read, 16136.000000, 16136, 16136, 16136, 16136
Seq_Read, 14709.000000, 14709, 14709, 14709, 14709
Seq_Read, 7891.000000, 7891, 7891, 7891, 7891
Seq_Read, 11172.000000, 11172, 11172, 11172, 11172
Seq_Read, 35252.000000, 35252, 35252, 35252, 35252
Seq_Read, 10812.000000, 10812, 10812, 10812, 10812
Seq_Read, 8054.000000, 8054, 8054, 8054, 8054
Seq_Read, 8818.000000, 8818, 8818, 8818, 8818
Seq_Read, 7100.000000, 7100, 7100, 7100, 7100
Seq_Read, 6015.000000, 6015, 6015, 6015, 6015
Seq_Read, 6494.000000, 6494, 6494, 6494, 6494
Seq_Read, 7103.000000, 7103, 7103, 7103, 7103
Seq_Read, 6163.000000, 6163, 6163, 6163, 6163
Seq_Read, 7697.000000, 7697, 7697, 7697, 7697
Seq_Read, 5282.000000, 5282, 5282, 5282, 5282
Seq_Read, 4121.000000, 4121, 4121, 4121, 4121
Seq_Read, 6109.000000, 6109, 6109, 6109, 6109
Seq_Read, 6894.000000, 6894, 6894, 6894, 6894
Seq_Read, 6848.000000, 6848, 6848, 6848, 6848
Seq_Read, 7218.000000, 7218, 7218, 7218, 7218
Seq_Read, 6637.000000, 6637, 6637, 6637, 6637
Seq_Read, 5876.000000, 5876, 5876, 5876, 5876
Seq_Read, 6761.000000, 6761, 6761, 6761, 6761
Seq_Read, 5836.000000, 5836, 5836, 5836, 5836
Seq_Read, 7567.000000, 7567, 7567, 7567, 7567
Seq_Read, 6967.000000, 6967, 6967, 6967, 6967
Seq_Read, 7106.000000, 7106, 7106, 7106, 7106
Seq_Read, 6400.000000, 6400, 6400, 6400, 6400
Seq_Read, 10242.000000, 10242, 10242, 10242, 10242
Seq_Read, 7754.000000, 7754, 7754, 7754, 7754
Seq_Read, 6727.000000, 6727, 6727, 6727, 6727
Seq_Read, 6924.000000, 6924, 6924, 6924, 6924
Seq_Read, 7485.000000, 7485, 7485, 7485, 7485
Seq_Read, 7731.000000, 7731, 7731, 7731, 7731
Seq_Read, 7521.000000, 7521, 7521, 7521, 7521
Seq_Read, 7228.000000, 7228, 7228, 7228, 7228
Seq_Read, 7842.000000, 7842, 7842, 7842, 7842
Seq_Read, 7579.000000, 7579, 7579, 7579, 7579
Seq_Read, 7927.000000, 7927, 7927, 7927, 7927
Seq_Read, 7470.000000, 7470, 7470, 7470, 7470
Seq_Read, 6673.000000, 6673, 6673, 6673, 6673
Seq_Read, 8706.000000, 8706, 8706, 8706, 8706
Seq_Read, 6725.000000, 6725, 6725, 6725, 6725
Seq_Read, 7815.000000, 7815, 7815, 7815, 7815
Seq_Read, 3024197.000000, 3024197, 3024197, 3024197, 3024197
Seq_Read, 7097.000000, 7097, 7097, 7097, 7097
Seq_Read, 6191.000000, 6191, 6191, 6191, 6191
Seq_Read, 6148.000000, 6148, 6148, 6148, 6148
Seq_Read, 11136.000000, 11136, 11136, 11136, 11136
Seq_Read, 6797.000000, 6797, 6797, 6797, 6797
Seq_Read, 6030.000000, 6030, 6030, 6030, 6030
Seq_Read, 13288.000000, 13288, 13288, 13288, 13288
Seq_Read, 9727.000000, 9727, 9727, 9727, 9727
Seq_Read, 7166.000000, 7166, 7166, 7166, 7166
Seq_Read, 27851.000000, 27851, 27851, 27851, 27851
Seq_Read, 19709.000000, 19709, 19709, 19709, 19709
Seq_Read, 16027.000000, 16027, 16027, 16027, 16027
Seq_Read, 20245.000000, 20245, 20245, 20245, 20245
Seq_Read, 15012.000000, 15012, 15012, 15012, 15012
Seq_Read, 15912.000000, 15912, 15912, 15912, 15912
Seq_Read, 19315.000000, 19315, 19315, 19315, 19315
Seq_Read, 24197.000000, 24197, 24197, 24197, 24197
Seq_Read, 11467.000000, 11467, 11467, 11467, 11467
Seq_Read, 8754.000000, 8754, 8754, 8754, 8754
Seq_Read, 8103.000000, 8103, 8103, 8103, 8103
Seq_Read, 8624.000000, 8624, 8624, 8624, 8624
Seq_Read, 7509.000000, 7509, 7509, 7509, 7509
Seq_Read, 6946.000000, 6946, 6946, 6946, 6946
Seq_Read, 6809.000000, 6809, 6809, 6809, 6809
Seq_Read, 6464.000000, 6464, 6464, 6464, 6464
Seq_Read, 5921.000000, 5921, 5921, 5921, 5921
Seq_Read, 5488.000000, 5488, 5488, 5488, 5488
Seq_Read, 5055.000000, 5055, 5055, 5055, 5055
Seq_Read, 6700.000000, 6700, 6700, 6700, 6700
Seq_Read, 6536.000000, 6536, 6536, 6536, 6536
Seq_Read, 6788.000000, 6788, 6788, 6788, 6788
Seq_Read, 6657.000000, 6657, 6657, 6657, 6657
Seq_Read, 7000.000000, 7000, 7000, 7000, 7000
Seq_Read, 5757.000000, 5757, 5757, 5757, 5757
Seq_Read, 7330.000000, 7330, 7330, 7330, 7330
Seq_Read, 6800.000000, 6800, 6800, 6800, 6800
Seq_Read, 8894.000000, 8894, 8894, 8894, 8894
Seq_Read, 10455.000000, 10455, 10455, 10455, 10455
Seq_Read, 6421.000000, 6421, 6421, 6421, 6421
Seq_Read, 6070.000000, 6070, 6070, 6070, 6070
Seq_Read, 6412.000000, 6412, 6412, 6412, 6412
Seq_Read, 5973.000000, 5973, 5973, 5973, 5973
Seq_Read, 7725.000000, 7725, 7725, 7725, 7725
Seq_Read, 9888.000000, 9888, 9888, 9888, 9888
Seq_Read, 5439.000000, 5439, 5439, 5439, 5439
Seq_Read, 6197.000000, 6197, 6197, 6197, 6197
Seq_Read, 7415.000000, 7415, 7415, 7415, 7415
Seq_Read, 6585.000000, 6585, 6585, 6585, 6585
Seq_Read, 6800.000000, 6800, 6800, 6800, 6800
Seq_Read, 6688.000000, 6688, 6688, 6688, 6688
Seq_Read, 6912.000000, 6912, 6912, 6912, 6912
Seq_Read, 6309.000000, 6309, 6309, 6309, 6309
Seq_Read, 7297.000000, 7297, 7297, 7297, 7297
Seq_Read, 5385.000000, 5385, 5385, 5385, 5385
Seq_Read, 4454.000000, 4454, 4454, 4454, 4454
Seq_Read, 5976.000000, 5976, 5976, 5976, 5976
Seq_Read, 7427.000000, 7427, 7427, 7427, 7427
Seq_Read, 6549.000000, 6549, 6549, 6549, 6549
Seq_Read, 6479.000000, 6479, 6479, 6479, 6479
Seq_Read, 5915.000000, 5915, 5915, 5915, 5915
Seq_Read, 6103.000000, 6103, 6103, 6103, 6103
Seq_Read, 6824.000000, 6824, 6824, 6824, 6824
Seq_Read, 6775.000000, 6775, 6775, 6775, 6775
Seq_Read, 6897.000000, 6897, 6897, 6897, 6897
Seq_Read, 6755.000000, 6755, 6755, 6755, 6755
Seq_Read, 6670.000000, 6670, 6670, 6670, 6670
Seq_Read, 7194.000000, 7194, 7194, 7194, 7194
Seq_Read, 5827.000000, 5827, 5827, 5827, 5827
Seq_Read, 10179.000000, 10179, 10179, 10179, 10179
Seq_Read, 7073.000000, 7073, 7073, 7073, 7073
Seq_Read, 7385.000000, 7385, 7385, 7385, 7385
Seq_Read, 7281.000000, 7281, 7281, 7281, 7281
Seq_Read, 6555.000000, 6555, 6555, 6555, 6555
Seq_Read, 6364.000000, 6364, 6364, 6364, 6364
Seq_Read, 6557.000000, 6557, 6557, 6557, 6557
Seq_Read, 8431.000000, 8431, 8431, 8431, 8431
Seq_Read, 8340.000000, 8340, 8340, 8340, 8340
Seq_Read, 6124.000000, 6124, 6124, 6124, 6124
Seq_Read, 7658.000000, 7658, 7658, 7658, 7658
Seq_Read, 6827.000000, 6827, 6827, 6827, 6827
Seq_Read, 7085.000000, 7085, 7085, 7085, 7085
Seq_Read, 4360.000000, 4360, 4360, 4360, 4360
Seq_Read, 4039.000000, 4039, 4039, 4039, 4039
Seq_Read, 7978.000000, 7978, 7978, 7978, 7978
Seq_Read, 6170.000000, 6170, 6170, 6170, 6170
Seq_Read, 6379.000000, 6379, 6379, 6379, 6379
Seq_Read, 6824.000000, 6824, 6824, 6824, 6824
Seq_Read, 7115.000000, 7115, 7115, 7115, 7115
Seq_Read, 7048.000000, 7048, 7048, 7048, 7048
Seq_Read, 6394.000000, 6394, 6394, 6394, 6394
Seq_Read, 6739.000000, 6739, 6739, 6739, 6739
Seq_Read, 6673.000000, 6673, 6673, 6673, 6673
Seq_Read, 6419.000000, 6419, 6419, 6419, 6419
Seq_Read, 6306.000000, 6306, 6306, 6306, 6306
Seq_Read, 7167.000000, 7167, 7167, 7167, 7167
Seq_Read, 7879.000000, 7879, 7879, 7879, 7879
Seq_Read, 7397.000000, 7397, 7397, 7397, 7397
Seq_Read, 7546.000000, 7546, 7546, 7546, 7546
Seq_Read, 5418.000000, 5418, 5418, 5418, 5418
Seq_Read, 4703.000000, 4703, 4703, 4703, 4703
Seq_Read, 6197.000000, 6197, 6197, 6197, 6197
Seq_Read, 12076.000000, 12076, 12076, 12076, 12076
Seq_Read, 6285.000000, 6285, 6285, 6285, 6285
Seq_Read, 6385.000000, 6385, 6385, 6385, 6385
Seq_Read, 7431.000000, 7431, 7431, 7431, 7431
Seq_Read, 9482.000000, 9482, 9482, 9482, 9482
Seq_Read, 24634836.000000, 24634836, 24634836, 24634836, 24634836
Seq_Read, 11021.000000, 11021, 11021, 11021, 11021
Seq_Read, 8109.000000, 8109, 8109, 8109, 8109
Seq_Read, 6833.000000, 6833, 6833, 6833, 6833
Seq_Read, 7128.000000, 7128, 7128, 7128, 7128
Seq_Read, 6245.000000, 6245, 6245, 6245, 6245
Seq_Read, 7421.000000, 7421, 7421, 7421, 7421
Seq_Read, 7297.000000, 7297, 7297, 7297, 7297
Seq_Read, 6964.000000, 6964, 6964, 6964, 6964
Seq_Read, 6812.000000, 6812, 6812, 6812, 6812
Seq_Read, 6876.000000, 6876, 6876, 6876, 6876
Seq_Read, 6349.000000, 6349, 6349, 6349, 6349
Seq_Read, 6930.000000, 6930, 6930, 6930, 6930
Seq_Read, 7591.000000, 7591, 7591, 7591, 7591
Seq_Read, 5085.000000, 5085, 5085, 5085, 5085
Seq_Read, 4751.000000, 4751, 4751, 4751, 4751
Seq_Read, 4573.000000, 4573, 4573, 4573, 4573
Seq_Read, 5236.000000, 5236, 5236, 5236, 5236
Seq_Read, 5142.000000, 5142, 5142, 5142, 5142
Seq_Read, 4631.000000, 4631, 4631, 4631, 4631
Seq_Read, 4342.000000, 4342, 4342, 4342, 4342
Seq_Read, 4609.000000, 4609, 4609, 4609, 4609
Seq_Read, 5267.000000, 5267, 5267, 5267, 5267
Seq_Read, 5097.000000, 5097, 5097, 5097, 5097
Seq_Read, 7725.000000, 7725, 7725, 7725, 7725
Seq_Read, 6873.000000, 6873, 6873, 6873, 6873
Seq_Read, 6270.000000, 6270, 6270, 6270, 6270
Seq_Read, 6740.000000, 6740, 6740, 6740, 6740
Seq_Read, 6376.000000, 6376, 6376, 6376, 6376
Seq_Read, 4396076.000000, 4396076, 4396076, 4396076, 4396076
Seq_Read, 7418.000000, 7418, 7418, 7418, 7418
Seq_Read, 7515.000000, 7515, 7515, 7515, 7515
Seq_Read, 6294.000000, 6294, 6294, 6294, 6294
Seq_Read, 6948.000000, 6948, 6948, 6948, 6948
Seq_Read, 6833.000000, 6833, 6833, 6833, 6833
Seq_Read, 6972.000000, 6972, 6972, 6972, 6972
Seq_Read, 6385.000000, 6385, 6385, 6385, 6385
Seq_Read, 7476.000000, 7476, 7476, 7476, 7476
Seq_Read, 6709.000000, 6709, 6709, 6709, 6709
Seq_Read, 9376.000000, 9376, 9376, 9376, 9376
Seq_Read, 7449.000000, 7449, 7449, 7449, 7449
Seq_Read, 7667.000000, 7667, 7667, 7667, 7667
Seq_Read, 4360.000000, 4360, 4360, 4360, 4360
Seq_Read, 4203.000000, 4203, 4203, 4203, 4203
Seq_Read, 4076.000000, 4076, 4076, 4076, 4076
Seq_Read, 6897.000000, 6897, 6897, 6897, 6897
Seq_Read, 5200.000000, 5200, 5200, 5200, 5200
Seq_Read, 4963.000000, 4963, 4963, 4963, 4963
Seq_Read, 8954.000000, 8954, 8954, 8954, 8954
Seq_Read, 6975.000000, 6975, 6975, 6975, 6975
Seq_Read, 6688.000000, 6688, 6688, 6688, 6688
Seq_Read, 7697.000000, 7697, 7697, 7697, 7697
Seq_Read, 6755.000000, 6755, 6755, 6755, 6755
Seq_Read, 7263.000000, 7263, 7263, 7263, 7263
Seq_Read, 6015.000000, 6015, 6015, 6015, 6015
Seq_Read, 6284.000000, 6284, 6284, 6284, 6284
Seq_Read, 7051.000000, 7051, 7051, 7051, 7051
Seq_Read, 6791.000000, 6791, 6791, 6791, 6791
Seq_Read, 7803.000000, 7803, 7803, 7803, 7803
Seq_Read, 7709.000000, 7709, 7709, 7709, 7709
Seq_Read, 7569.000000, 7569, 7569, 7569, 7569
Seq_Read, 7464.000000, 7464, 7464, 7464, 7464
Seq_Read, 7709.000000, 7709, 7709, 7709, 7709
Seq_Read, 7330.000000, 7330, 7330, 7330, 7330
Seq_Read, 6879.000000, 6879, 6879, 6879, 6879
Seq_Read, 7561.000000, 7561, 7561, 7561, 7561
Seq_Read, 6063.000000, 6063, 6063, 6063, 6063
Seq_Read, 27693606.000000, 27693606, 27693606, 27693606, 27693606
Seq_Read, 10418.000000, 10418, 10418, 10418, 10418
Seq_Read, 6985.000000, 6985, 6985, 6985, 6985
Seq_Read, 7142.000000, 7142, 7142, 7142, 7142
Seq_Read, 6715.000000, 6715, 6715, 6715, 6715
Seq_Read, 8421.000000, 8421, 8421, 8421, 8421
Seq_Read, 7312.000000, 7312, 7312, 7312, 7312
Seq_Read, 7027.000000, 7027, 7027, 7027, 7027
Seq_Read, 7533.000000, 7533, 7533, 7533, 7533
Seq_Read, 6394.000000, 6394, 6394, 6394, 6394
Seq_Read, 7037.000000, 7037, 7037, 7037, 7037
Seq_Read, 8491.000000, 8491, 8491, 8491, 8491
Seq_Read, 8157.000000, 8157, 8157, 8157, 8157
Seq_Read, 7222.000000, 7222, 7222, 7222, 7222
Seq_Read, 8454.000000, 8454, 8454, 8454, 8454
Seq_Read, 6360.000000, 6360, 6360, 6360, 6360
Seq_Read, 6979.000000, 6979, 6979, 6979, 6979
Seq_Read, 6867.000000, 6867, 6867, 6867, 6867
Seq_Read, 6618.000000, 6618, 6618, 6618, 6618
Seq_Read, 7248.000000, 7248, 7248, 7248, 7248
Seq_Read, 6288.000000, 6288, 6288, 6288, 6288
Seq_Read, 7054.000000, 7054, 7054, 7054, 7054
Seq_Read, 8303.000000, 8303, 8303, 8303, 8303
Seq_Read, 7682.000000, 7682, 7682, 7682, 7682
Seq_Read, 7197.000000, 7197, 7197, 7197, 7197
Seq_Read, 7094.000000, 7094, 7094, 7094, 7094
Seq_Read, 7515.000000, 7515, 7515, 7515, 7515
Seq_Read, 6679.000000, 6679, 6679, 6679, 6679
Seq_Read, 7818.000000, 7818, 7818, 7818, 7818
Seq_Read, 7630.000000, 7630, 7630, 7630, 7630
Seq_Read, 7279.000000, 7279, 7279, 7279, 7279
Seq_Read, 6497.000000, 6497, 6497, 6497, 6497
Seq_Read, 8333.000000, 8333, 8333, 8333, 8333
Seq_Read, 6603.000000, 6603, 6603, 6603, 6603
Seq_Read, 7434.000000, 7434, 7434, 7434, 7434
Seq_Read, 7200.000000, 7200, 7200, 7200, 7200
Seq_Read, 6776.000000, 6776, 6776, 6776, 6776
Seq_Read, 7455.000000, 7455, 7455, 7455, 7455
Seq_Read, 7694.000000, 7694, 7694, 7694, 7694
Seq_Read, 8121.000000, 8121, 8121, 8121, 8121
Seq_Read, 8176.000000, 8176, 8176, 8176, 8176
Seq_Read, 7400.000000, 7400, 7400, 7400, 7400
Seq_Read, 8273.000000, 8273, 8273, 8273, 8273
Seq_Read, 8427.000000, 8427, 8427, 8427, 8427
Seq_Read, 7134.000000, 7134, 7134, 7134, 7134
Seq_Read, 7709.000000, 7709, 7709, 7709, 7709
Seq_Read, 8148.000000, 8148, 8148, 8148, 8148
Seq_Read, 6748.000000, 6748, 6748, 6748, 6748
Seq_Read, 6952.000000, 6952, 6952, 6952, 6952
Seq_Read, 6330.000000, 6330, 6330, 6330, 6330
Seq_Read, 8015.000000, 8015, 8015, 8015, 8015
Seq_Read, 8870.000000, 8870, 8870, 8870, 8870
Seq_Read, 7033.000000, 7033, 7033, 7033, 7033
Seq_Read, 6763.000000, 6763, 6763, 6763, 6763
Seq_Read, 7394.000000, 7394, 7394, 7394, 7394
Seq_Read, 7870.000000, 7870, 7870, 7870, 7870
Seq_Read, 7842.000000, 7842, 7842, 7842, 7842
Seq_Read, 6430.000000, 6430, 6430, 6430, 6430
Seq_Read, 8128.000000, 8128, 8128, 8128, 8128
Seq_Read, 7415.000000, 7415, 7415, 7415, 7415
Seq_Read, 8991.000000, 8991, 8991, 8991, 8991
Seq_Read, 8961.000000, 8961, 8961, 8961, 8961
Seq_Read, 6830.000000, 6830, 6830, 6830, 6830
Seq_Read, 6282.000000, 6282, 6282, 6282, 6282
Seq_Read, 8521.000000, 8521, 8521, 8521, 8521
Seq_Read, 8564.000000, 8564, 8564, 8564, 8564
Seq_Read, 7609.000000, 7609, 7609, 7609, 7609
Seq_Read, 8939.000000, 8939, 8939, 8939, 8939
Seq_Read, 6685.000000, 6685, 6685, 6685, 6685
Seq_Read, 6900.000000, 6900, 6900, 6900, 6900
Seq_Read, 7279.000000, 7279, 7279, 7279, 7279
Seq_Read, 8000.000000, 8000, 8000, 8000, 8000
Seq_Read, 7618.000000, 7618, 7618, 7618, 7618
Seq_Read, 7673.000000, 7673, 7673, 7673, 7673
Seq_Read, 7176.000000, 7176, 7176, 7176, 7176
Seq_Read, 7582.000000, 7582, 7582, 7582, 7582
Seq_Read, 7527.000000, 7527, 7527, 7527, 7527
Seq_Read, 7921.000000, 7921, 7921, 7921, 7921
Seq_Read, 7212.000000, 7212, 7212, 7212, 7212
Seq_Read, 6876.000000, 6876, 6876, 6876, 6876
Seq_Read, 7130.000000, 7130, 7130, 7130, 7130
Seq_Read, 7257.000000, 7257, 7257, 7257, 7257
Seq_Read, 7054.000000, 7054, 7054, 7054, 7054
Seq_Read, 7781.000000, 7781, 7781, 7781, 7781
Seq_Read, 6958.000000, 6958, 6958, 6958, 6958
Seq_Read, 6573.000000, 6573, 6573, 6573, 6573
Seq_Read, 6794.000000, 6794, 6794, 6794, 6794
Seq_Read, 7360.000000, 7360, 7360, 7360, 7360
Seq_Read, 6894.000000, 6894, 6894, 6894, 6894
Seq_Read, 6864.000000, 6864, 6864, 6864, 6864
Seq_Read, 7379.000000, 7379, 7379, 7379, 7379
Seq_Read, 7594.000000, 7594, 7594, 7594, 7594
Seq_Read, 7421.000000, 7421, 7421, 7421, 7421
Seq_Read, 7257.000000, 7257, 7257, 7257, 7257
Seq_Read, 7469.000000, 7469, 7469, 7469, 7469
Seq_Read, 6888.000000, 6888, 6888, 6888, 6888
Seq_Read, 7618.000000, 7618, 7618, 7618, 7618
Seq_Read, 7391.000000, 7391, 7391, 7391, 7391
Seq_Read, 7006.000000, 7006, 7006, 7006, 7006
Seq_Read, 7173.000000, 7173, 7173, 7173, 7173
Seq_Read, 7230.000000, 7230, 7230, 7230, 7230
Seq_Read, 6870.000000, 6870, 6870, 6870, 6870
Seq_Read, 6736.000000, 6736, 6736, 6736, 6736
Seq_Read, 6564.000000, 6564, 6564, 6564, 6564
Seq_Read, 7494.000000, 7494, 7494, 7494, 7494
Seq_Read, 6834.000000, 6834, 6834, 6834, 6834
Seq_Read, 6518.000000, 6518, 6518, 6518, 6518
Seq_Read, 5894.000000, 5894, 5894, 5894, 5894
Seq_Read, 4906.000000, 4906, 4906, 4906, 4906
Seq_Read, 5070.000000, 5070, 5070, 5070, 5070
Seq_Read, 8255.000000, 8255, 8255, 8255, 8255
Seq_Read, 6782.000000, 6782, 6782, 6782, 6782
Seq_Read, 6457.000000, 6457, 6457, 6457, 6457
Seq_Read, 5261.000000, 5261, 5261, 5261, 5261
Seq_Read, 7436.000000, 7436, 7436, 7436, 7436
Seq_Read, 8052.000000, 8052, 8052, 8052, 8052
Seq_Read, 6921.000000, 6921, 6921, 6921, 6921
Seq_Read, 6982.000000, 6982, 6982, 6982, 6982
Seq_Read, 8112.000000, 8112, 8112, 8112, 8112
Seq_Read, 6673.000000, 6673, 6673, 6673, 6673
Seq_Read, 7012.000000, 7012, 7012, 7012, 7012
Seq_Read, 6758.000000, 6758, 6758, 6758, 6758
Seq_Read, 6767.000000, 6767, 6767, 6767, 6767
Seq_Read, 7240.000000, 7240, 7240, 7240, 7240
Seq_Read, 6616.000000, 6616, 6616, 6616, 6616
Seq_Read, 6833.000000, 6833, 6833, 6833, 6833
Seq_Read, 7118.000000, 7118, 7118, 7118, 7118
Seq_Read, 6215.000000, 6215, 6215, 6215, 6215
Seq_Read, 6379.000000, 6379, 6379, 6379, 6379
Seq_Read, 6812.000000, 6812, 6812, 6812, 6812
Seq_Read, 5318.000000, 5318, 5318, 5318, 5318
Seq_Read, 5400.000000, 5400, 5400, 5400, 5400
Seq_Read, 4542.000000, 4542, 4542, 4542, 4542
Seq_Read, 5021.000000, 5021, 5021, 5021, 5021
Seq_Read, 4964.000000, 4964, 4964, 4964, 4964
Seq_Read, 4536.000000, 4536, 4536, 4536, 4536
Seq_Read, 4764.000000, 4764, 4764, 4764, 4764
Seq_Read, 4761.000000, 4761, 4761, 4761, 4761
Seq_Read, 4928.000000, 4928, 4928, 4928, 4928
Seq_Read, 4455.000000, 4455, 4455, 4455, 4455
Seq_Read, 5773.000000, 5773, 5773, 5773, 5773
Seq_Read, 4673.000000, 4673, 4673, 4673, 4673
Seq_Read, 5815.000000, 5815, 5815, 5815, 5815
Seq_Read, 5063.000000, 5063, 5063, 5063, 5063
Seq_Read, 5006.000000, 5006, 5006, 5006, 5006
Seq_Read, 4643.000000, 4643, 4643, 4643, 4643
Seq_Read, 4388.000000, 4388, 4388, 4388, 4388
Seq_Read, 4849.000000, 4849, 4849, 4849, 4849
Seq_Read, 4797.000000, 4797, 4797, 4797, 4797
Seq_Read, 4639.000000, 4639, 4639, 4639, 4639
Seq_Read, 4682.000000, 4682, 4682, 4682, 4682
Seq_Read, 6125.000000, 6125, 6125, 6125, 6125
Seq_Read, 11582.000000, 11582, 11582, 11582, 11582
Seq_Read, 11227.000000, 11227, 11227, 11227, 11227
Seq_Read, 6976.000000, 6976, 6976, 6976, 6976
Seq_Read, 12651.000000, 12651, 12651, 12651, 12651
Seq_Read, 7109.000000, 7109, 7109, 7109, 7109
Seq_Read, 14458069.000000, 14458069, 14458069, 14458069, 14458069
Seq_Read, 7049.000000, 7049, 7049, 7049, 7049
Seq_Read, 6712.000000, 6712, 6712, 6712, 6712
Seq_Read, 14352.000000, 14352, 14352, 14352, 14352
Seq_Read, 10712.000000, 10712, 10712, 10712, 10712
Seq_Read, 7755.000000, 7755, 7755, 7755, 7755
Seq_Read, 7440.000000, 7440, 7440, 7440, 7440
Seq_Read, 7000.000000, 7000, 7000, 7000, 7000
Seq_Read, 7830.000000, 7830, 7830, 7830, 7830
Seq_Read, 9094.000000, 9094, 9094, 9094, 9094
Seq_Read, 7688.000000, 7688, 7688, 7688, 7688
Seq_Read, 7591.000000, 7591, 7591, 7591, 7591
Seq_Read, 7749.000000, 7749, 7749, 7749, 7749
Seq_Read, 8754.000000, 8754, 8754, 8754, 8754
Seq_Read, 7125.000000, 7125, 7125, 7125, 7125
Seq_Read, 6903.000000, 6903, 6903, 6903, 6903
Seq_Read, 7633.000000, 7633, 7633, 7633, 7633
Seq_Read, 9188.000000, 9188, 9188, 9188, 9188
Seq_Read, 7631.000000, 7631, 7631, 7631, 7631
Seq_Read, 7473.000000, 7473, 7473, 7473, 7473
Seq_Read, 7173.000000, 7173, 7173, 7173, 7173
Seq_Read, 7328.000000, 7328, 7328, 7328, 7328
Seq_Read, 6809.000000, 6809, 6809, 6809, 6809
Seq_Read, 6755.000000, 6755, 6755, 6755, 6755
Seq_Read, 7385.000000, 7385, 7385, 7385, 7385
Seq_Read, 7167.000000, 7167, 7167, 7167, 7167
Seq_Read, 7058.000000, 7058, 7058, 7058, 7058
Seq_Read, 7076.000000, 7076, 7076, 7076, 7076
Seq_Read, 7452.000000, 7452, 7452, 7452, 7452
Seq_Read, 7158.000000, 7158, 7158, 7158, 7158
Seq_Read, 7279.000000, 7279, 7279, 7279, 7279
Seq_Read, 6776.000000, 6776, 6776, 6776, 6776
Seq_Read, 6791.000000, 6791, 6791, 6791, 6791
Seq_Read, 6170.000000, 6170, 6170, 6170, 6170
Seq_Read, 6573.000000, 6573, 6573, 6573, 6573
Seq_Read, 5246.000000, 5246, 5246, 5246, 5246
Seq_Read, 5257.000000, 5257, 5257, 5257, 5257
Seq_Read, 5170.000000, 5170, 5170, 5170, 5170
Seq_Read, 4345.000000, 4345, 4345, 4345, 4345
Seq_Read, 6167.000000, 6167, 6167, 6167, 6167
Seq_Read, 6560.000000, 6560, 6560, 6560, 6560
Seq_Read, 6563.000000, 6563, 6563, 6563, 6563
Seq_Read, 7088.000000, 7088, 7088, 7088, 7088
Seq_Read, 6912.000000, 6912, 6912, 6912, 6912
Seq_Read, 7128.000000, 7128, 7128, 7128, 7128
Seq_Read, 8473.000000, 8473, 8473, 8473, 8473
Seq_Read, 7200.000000, 7200, 7200, 7200, 7200
Seq_Read, 6727.000000, 6727, 6727, 6727, 6727
Seq_Read, 7803.000000, 7803, 7803, 7803, 7803
Seq_Read, 6809.000000, 6809, 6809, 6809, 6809
Seq_Read, 8745.000000, 8745, 8745, 8745, 8745
Seq_Read, 5055.000000, 5055, 5055, 5055, 5055
Seq_Read, 4961.000000, 4961, 4961, 4961, 4961
Seq_Read, 8609.000000, 8609, 8609, 8609, 8609
Seq_Read, 7597.000000, 7597, 7597, 7597, 7597
Seq_Read, 7221.000000, 7221, 7221, 7221, 7221
Seq_Read, 7746.000000, 7746, 7746, 7746, 7746
Seq_Read, 6727.000000, 6727, 6727, 6727, 6727
Seq_Read, 7339.000000, 7339, 7339, 7339, 7339
Seq_Read, 7097.000000, 7097, 7097, 7097, 7097
Seq_Read, 7973.000000, 7973, 7973, 7973, 7973
Seq_Read, 7300.000000, 7300, 7300, 7300, 7300
Seq_Read, 7551.000000, 7551, 7551, 7551, 7551
Seq_Read, 6421.000000, 6421, 6421, 6421, 6421
Seq_Read, 7891.000000, 7891, 7891, 7891, 7891
Seq_Read, 6963.000000, 6963, 6963, 6963, 6963
Seq_Read, 7548.000000, 7548, 7548, 7548, 7548
Seq_Read, 5900.000000, 5900, 5900, 5900, 5900
Seq_Read, 4621.000000, 4621, 4621, 4621, 4621
Seq_Read, 7440.000000, 7440, 7440, 7440, 7440
Seq_Read, 7343.000000, 7343, 7343, 7343, 7343
Seq_Read, 8015.000000, 8015, 8015, 8015, 8015
Seq_Read, 7067.000000, 7067, 7067, 7067, 7067
Seq_Read, 7170.000000, 7170, 7170, 7170, 7170
Seq_Read, 8470.000000, 8470, 8470, 8470, 8470
Seq_Read, 7452.000000, 7452, 7452, 7452, 7452
Seq_Read, 7425.000000, 7425, 7425, 7425, 7425
Seq_Read, 6891.000000, 6891, 6891, 6891, 6891
Seq_Read, 6982.000000, 6982, 6982, 6982, 6982
Seq_Read, 8276.000000, 8276, 8276, 8276, 8276
Seq_Read, 5794.000000, 5794, 5794, 5794, 5794
Seq_Read, 5467.000000, 5467, 5467, 5467, 5467
Seq_Read, 4903.000000, 4903, 4903, 4903, 4903
Seq_Read, 5154.000000, 5154, 5154, 5154, 5154
Seq_Read, 72975655.000000, 72975655, 72975655, 72975655, 72975655
Seq_Read, 55561639.000000, 55561639, 55561639, 55561639, 55561639
Seq_Read, 60831466.000000, 60831466, 60831466, 60831466, 60831466
Seq_Read, 50638906.000000, 50638906, 50638906, 50638906, 50638906
Seq_Read, 71834655.000000, 71834655, 71834655, 71834655, 71834655
Seq_Read, 7966.000000, 7966, 7966, 7966, 7966
Seq_Read, 12097.000000, 12097, 12097, 12097, 12097
Seq_Read, 18608424.000000, 18608424, 18608424, 18608424, 18608424
Seq_Read, 16925679.000000, 16925679, 16925679, 16925679, 16925679
Seq_Read, 11285.000000, 11285, 11285, 11285, 11285
Seq_Read, 7088.000000, 7088, 7088, 7088, 7088
Seq_Read, 6342.000000, 6342, 6342, 6342, 6342
Seq_Read, 7876.000000, 7876, 7876, 7876, 7876
Seq_Read, 6336.000000, 6336, 6336, 6336, 6336
Seq_Read, 6697.000000, 6697, 6697, 6697, 6697
Seq_Read, 7321.000000, 7321, 7321, 7321, 7321
Seq_Read, 6540.000000, 6540, 6540, 6540, 6540
Seq_Read, 7627.000000, 7627, 7627, 7627, 7627
Seq_Read, 7715.000000, 7715, 7715, 7715, 7715
Seq_Read, 8115.000000, 8115, 8115, 8115, 8115
Seq_Read, 7288.000000, 7288, 7288, 7288, 7288
Seq_Read, 8333.000000, 8333, 8333, 8333, 8333
Seq_Read, 7440.000000, 7440, 7440, 7440, 7440
Seq_Read, 7273.000000, 7273, 7273, 7273, 7273
Seq_Read, 8091.000000, 8091, 8091, 8091, 8091
Seq_Read, 7000.000000, 7000, 7000, 7000, 7000
Seq_Read, 7015.000000, 7015, 7015, 7015, 7015
Seq_Read, 7422.000000, 7422, 7422, 7422, 7422
Seq_Read, 7667.000000, 7667, 7667, 7667, 7667
Seq_Read, 6897.000000, 6897, 6897, 6897, 6897
Seq_Read, 6594.000000, 6594, 6594, 6594, 6594
Seq_Read, 7570.000000, 7570, 7570, 7570, 7570
Seq_Read, 6864.000000, 6864, 6864, 6864, 6864
Seq_Read, 8067.000000, 8067, 8067, 8067, 8067
Seq_Read, 7655.000000, 7655, 7655, 7655, 7655
Seq_Read, 7312.000000, 7312, 7312, 7312, 7312
Seq_Read, 6897.000000, 6897, 6897, 6897, 6897
Seq_Read, 6503.000000, 6503, 6503, 6503, 6503
Seq_Read, 7066.000000, 7066, 7066, 7066, 7066
Seq_Read, 6482.000000, 6482, 6482, 6482, 6482
Seq_Read, 7546.000000, 7546, 7546, 7546, 7546
Seq_Read, 6857.000000, 6857, 6857, 6857, 6857
Seq_Read, 5258.000000, 5258, 5258, 5258, 5258
Seq_Read, 5585.000000, 5585, 5585, 5585, 5585
Seq_Read, 4643.000000, 4643, 4643, 4643, 4643
Seq_Read, 7415.000000, 7415, 7415, 7415, 7415
Seq_Read, 6475.000000, 6475, 6475, 6475, 6475
Seq_Read, 7633.000000, 7633, 7633, 7633, 7633
Seq_Read, 7894.000000, 7894, 7894, 7894, 7894
Seq_Read, 7645.000000, 7645, 7645, 7645, 7645
Seq_Read, 7797.000000, 7797, 7797, 7797, 7797
Seq_Read, 7148.000000, 7148, 7148, 7148, 7148
Seq_Read, 7057.000000, 7057, 7057, 7057, 7057
Seq_Read, 6621.000000, 6621, 6621, 6621, 6621
Seq_Read, 7367.000000, 7367, 7367, 7367, 7367
Seq_Read, 6888.000000, 6888, 6888, 6888, 6888
Seq_Read, 8230.000000, 8230, 8230, 8230, 8230
Seq_Read, 8042.000000, 8042, 8042, 8042, 8042
Seq_Read, 7458.000000, 7458, 7458, 7458, 7458
Seq_Read, 7106.000000, 7106, 7106, 7106, 7106
Seq_Read, 8154.000000, 8154, 8154, 8154, 8154
Seq_Read, 7309.000000, 7309, 7309, 7309, 7309
Seq_Read, 6906.000000, 6906, 6906, 6906, 6906
Seq_Read, 7294.000000, 7294, 7294, 7294, 7294
Seq_Read, 7300.000000, 7300, 7300, 7300, 7300
Seq_Read, 6833.000000, 6833, 6833, 6833, 6833
Seq_Read, 8082.000000, 8082, 8082, 8082, 8082
Seq_Read, 6740.000000, 6740, 6740, 6740, 6740
Seq_Read, 7000.000000, 7000, 7000, 7000, 7000
Seq_Read, 6912.000000, 6912, 6912, 6912, 6912
Seq_Read, 8958.000000, 8958, 8958, 8958, 8958
Seq_Read, 8057.000000, 8057, 8057, 8057, 8057
Seq_Read, 8103.000000, 8103, 8103, 8103, 8103
Seq_Read, 22844573.000000, 22844573, 22844573, 22844573, 22844573
Seq_Read, 8515.000000, 8515, 8515, 8515, 8515
Seq_Read, 8482.000000, 8482, 8482, 8482, 8482
Seq_Read, 7245.000000, 7245, 7245, 7245, 7245
Seq_Read, 7655.000000, 7655, 7655, 7655, 7655
Seq_Read, 7945.000000, 7945, 7945, 7945, 7945
Seq_Read, 7682.000000, 7682, 7682, 7682, 7682
Seq_Read, 7273.000000, 7273, 7273, 7273, 7273
Seq_Read, 7900.000000, 7900, 7900, 7900, 7900
Seq_Read, 22141840.000000, 22141840, 22141840, 22141840, 22141840
Seq_Read, 8324.000000, 8324, 8324, 8324, 8324
Seq_Read, 7206.000000, 7206, 7206, 7206, 7206
Seq_Read, 8427.000000, 8427, 8427, 8427, 8427
Seq_Read, 7521.000000, 7521, 7521, 7521, 7521
Seq_Read, 10606.000000, 10606, 10606, 10606, 10606
Seq_Read, 7403.000000, 7403, 7403, 7403, 7403
Seq_Read, 7430.000000, 7430, 7430, 7430, 7430
Seq_Read, 25047194.000000, 25047194, 25047194, 25047194, 25047194
Seq_Read, 25853978.000000, 25853978, 25853978, 25853978, 25853978
Seq_Read, 10903.000000, 10903, 10903, 10903, 10903
Seq_Read, 9200.000000, 9200, 9200, 9200, 9200
Seq_Read, 8472.000000, 8472, 8472, 8472, 8472
Seq_Read, 7200.000000, 7200, 7200, 7200, 7200
Seq_Read, 9106.000000, 9106, 9106, 9106, 9106
Seq_Read, 7270.000000, 7270, 7270, 7270, 7270
Seq_Read, 7742.000000, 7742, 7742, 7742, 7742
Seq_Read, 8785.000000, 8785, 8785, 8785, 8785
Seq_Read, 8628.000000, 8628, 8628, 8628, 8628
Seq_Read, 7376.000000, 7376, 7376, 7376, 7376
Seq_Read, 7424.000000, 7424, 7424, 7424, 7424
Seq_Read, 7106.000000, 7106, 7106, 7106, 7106
Seq_Read, 6843.000000, 6843, 6843, 6843, 6843
Seq_Read, 7097.000000, 7097, 7097, 7097, 7097
Seq_Read, 6939.000000, 6939, 6939, 6939, 6939
Seq_Read, 6336.000000, 6336, 6336, 6336, 6336
Seq_Read, 8006.000000, 8006, 8006, 8006, 8006
Seq_Read, 6776.000000, 6776, 6776, 6776, 6776
Seq_Read, 6921.000000, 6921, 6921, 6921, 6921
Seq_Read, 6849.000000, 6849, 6849, 6849, 6849
Seq_Read, 7445.000000, 7445, 7445, 7445, 7445
Seq_Read, 7330.000000, 7330, 7330, 7330, 7330
Seq_Read, 6685.000000, 6685, 6685, 6685, 6685
Seq_Read, 7954.000000, 7954, 7954, 7954, 7954
Seq_Read, 6997.000000, 6997, 6997, 6997, 6997
Seq_Read, 7582.000000, 7582, 7582, 7582, 7582
Seq_Read, 8552.000000, 8552, 8552, 8552, 8552
Seq_Read, 7842.000000, 7842, 7842, 7842, 7842
Seq_Read, 8445.000000, 8445, 8445, 8445, 8445
Seq_Read, 8539.000000, 8539, 8539, 8539, 8539
Seq_Read, 7021.000000, 7021, 7021, 7021, 7021
Seq_Read, 7642.000000, 7642, 7642, 7642, 7642
Seq_Read, 7724.000000, 7724, 7724, 7724, 7724
Seq_Read, 8855.000000, 8855, 8855, 8855, 8855
Seq_Read, 7594.000000, 7594, 7594, 7594, 7594
Seq_Read, 7379.000000, 7379, 7379, 7379, 7379
Seq_Read, 7448.000000, 7448, 7448, 7448, 7448
Seq_Read, 7206.000000, 7206, 7206, 7206, 7206
Seq_Read, 6788.000000, 6788, 6788, 6788, 6788
Seq_Read, 7449.000000, 7449, 7449, 7449, 7449
Seq_Read, 6491.000000, 6491, 6491, 6491, 6491
Seq_Read, 7379.000000, 7379, 7379, 7379, 7379
Seq_Read, 6464.000000, 6464, 6464, 6464, 6464
Seq_Read, 7136.000000, 7136, 7136, 7136, 7136
Seq_Read, 8288.000000, 8288, 8288, 8288, 8288
Seq_Read, 7667.000000, 7667, 7667, 7667, 7667
Seq_Read, 7103.000000, 7103, 7103, 7103, 7103
Seq_Read, 6509.000000, 6509, 6509, 6509, 6509
Seq_Read, 7112.000000, 7112, 7112, 7112, 7112
Seq_Read, 6639.000000, 6639, 6639, 6639, 6639
Seq_Read, 5648.000000, 5648, 5648, 5648, 5648
Seq_Read, 5137.000000, 5137, 5137, 5137, 5137
Seq_Read, 4897.000000, 4897, 4897, 4897, 4897
Seq_Read, 7054.000000, 7054, 7054, 7054, 7054
Seq_Read, 5785.000000, 5785, 5785, 5785, 5785
Seq_Read, 6927.000000, 6927, 6927, 6927, 6927
Seq_Read, 7369.000000, 7369, 7369, 7369, 7369
Seq_Read, 6561.000000, 6561, 6561, 6561, 6561
Seq_Read, 7661.000000, 7661, 7661, 7661, 7661
Seq_Read, 7106.000000, 7106, 7106, 7106, 7106
Seq_Read, 5681.000000, 5681, 5681, 5681, 5681
Seq_Read, 5015.000000, 5015, 5015, 5015, 5015
Seq_Read, 5103.000000, 5103, 5103, 5103, 5103
Seq_Read, 4840.000000, 4840, 4840, 4840, 4840
Seq_Read, 4963.000000, 4963, 4963, 4963, 4963
Seq_Read, 5054.000000, 5054, 5054, 5054, 5054
Seq_Read, 5018.000000, 5018, 5018, 5018, 5018
Seq_Read, 4900.000000, 4900, 4900, 4900, 4900
Seq_Read, 7094.000000, 7094, 7094, 7094, 7094
Seq_Read, 4439.000000, 4439, 4439, 4439, 4439
Seq_Read, 5036.000000, 5036, 5036, 5036, 5036
Seq_Read, 6915.000000, 6915, 6915, 6915, 6915
Seq_Read, 6752.000000, 6752, 6752, 6752, 6752
Seq_Read, 7300.000000, 7300, 7300, 7300, 7300
Seq_Read, 8000.000000, 8000, 8000, 8000, 8000
Seq_Read, 7439.000000, 7439, 7439, 7439, 7439
Seq_Read, 6185.000000, 6185, 6185, 6185, 6185
Seq_Read, 6509.000000, 6509, 6509, 6509, 6509
Seq_Read, 4297.000000, 4297, 4297, 4297, 4297
Seq_Read, 4512.000000, 4512, 4512, 4512, 4512
Seq_Read, 4751.000000, 4751, 4751, 4751, 4751
Seq_Read, 5163.000000, 5163, 5163, 5163, 5163
Seq_Read, 4997.000000, 4997, 4997, 4997, 4997
Seq_Read, 4485.000000, 4485, 4485, 4485, 4485
Seq_Read, 5227.000000, 5227, 5227, 5227, 5227
Seq_Read, 6445.000000, 6445, 6445, 6445, 6445
Seq_Read, 8446.000000, 8446, 8446, 8446, 8446
Seq_Read, 20330291.000000, 20330291, 20330291, 20330291, 20330291
Seq_Read, 10594.000000, 10594, 10594, 10594, 10594
Seq_Read, 7121.000000, 7121, 7121, 7121, 7121
Seq_Read, 7903.000000, 7903, 7903, 7903, 7903
Seq_Read, 7697.000000, 7697, 7697, 7697, 7697
Seq_Read, 7288.000000, 7288, 7288, 7288, 7288
Seq_Read, 6940.000000, 6940, 6940, 6940, 6940
Seq_Read, 7355.000000, 7355, 7355, 7355, 7355
Seq_Read, 5967.000000, 5967, 5967, 5967, 5967
Seq_Read, 6921.000000, 6921, 6921, 6921, 6921
Seq_Read, 7109.000000, 7109, 7109, 7109, 7109
Seq_Read, 7912.000000, 7912, 7912, 7912, 7912
Seq_Read, 6994.000000, 6994, 6994, 6994, 6994
Seq_Read, 7064.000000, 7064, 7064, 7064, 7064
Seq_Read, 7294.000000, 7294, 7294, 7294, 7294
Seq_Read, 6715.000000, 6715, 6715, 6715, 6715
Seq_Read, 6955.000000, 6955, 6955, 6955, 6955
Seq_Read, 7600.000000, 7600, 7600, 7600, 7600
Seq_Read, 8488.000000, 8488, 8488, 8488, 8488
Seq_Read, 6858.000000, 6858, 6858, 6858, 6858
Seq_Read, 8315.000000, 8315, 8315, 8315, 8315
Seq_Read, 6954.000000, 6954, 6954, 6954, 6954
Seq_Read, 6545.000000, 6545, 6545, 6545, 6545
Seq_Read, 6285.000000, 6285, 6285, 6285, 6285
Seq_Read, 6052.000000, 6052, 6052, 6052, 6052
Seq_Read, 6448.000000, 6448, 6448, 6448, 6448
Seq_Read, 5515.000000, 5515, 5515, 5515, 5515
Seq_Read, 4943.000000, 4943, 4943, 4943, 4943
Seq_Read, 4964.000000, 4964, 4964, 4964, 4964
Seq_Read, 5828.000000, 5828, 5828, 5828, 5828
Seq_Read, 4567.000000, 4567, 4567, 4567, 4567
Seq_Read, 5494.000000, 5494, 5494, 5494, 5494
Seq_Read, 4931.000000, 4931, 4931, 4931, 4931
Seq_Read, 5006.000000, 5006, 5006, 5006, 5006
Seq_Read, 4691.000000, 4691, 4691, 4691, 4691
Seq_Read, 8194.000000, 8194, 8194, 8194, 8194
Seq_Read, 6412.000000, 6412, 6412, 6412, 6412
Seq_Read, 5518.000000, 5518, 5518, 5518, 5518
Seq_Read, 5606.000000, 5606, 5606, 5606, 5606
Seq_Read, 5194.000000, 5194, 5194, 5194, 5194
Seq_Read, 4618.000000, 4618, 4618, 4618, 4618
Seq_Read, 4954.000000, 4954, 4954, 4954, 4954
Seq_Read, 7252.000000, 7252, 7252, 7252, 7252
Seq_Read, 7491.000000, 7491, 7491, 7491, 7491
Seq_Read, 8867.000000, 8867, 8867, 8867, 8867
Seq_Read, 5294.000000, 5294, 5294, 5294, 5294
Seq_Read, 6497.000000, 6497, 6497, 6497, 6497
Seq_Read, 5118.000000, 5118, 5118, 5118, 5118
Seq_Read, 6027.000000, 6027, 6027, 6027, 6027
Seq_Read, 5449.000000, 5449, 5449, 5449, 5449
Seq_Read, 5270.000000, 5270, 5270, 5270, 5270
Seq_Read, 5879.000000, 5879, 5879, 5879, 5879
Seq_Read, 5788.000000, 5788, 5788, 5788, 5788
Seq_Read, 5367.000000, 5367, 5367, 5367, 5367
Seq_Read, 5591.000000, 5591, 5591, 5591, 5591
Seq_Read, 4818.000000, 4818, 4818, 4818, 4818
Seq_Read, 6212.000000, 6212, 6212, 6212, 6212
Seq_Read, 4631.000000, 4631, 4631, 4631, 4631
Seq_Read, 5846.000000, 5846, 5846, 5846, 5846
Seq_Read, 7125.000000, 7125, 7125, 7125, 7125
Seq_Read, 7339.000000, 7339, 7339, 7339, 7339
Seq_Read, 5936.000000, 5936, 5936, 5936, 5936
Seq_Read, 7766.000000, 7766, 7766, 7766, 7766
Seq_Read, 7991.000000, 7991, 7991, 7991, 7991
Seq_Read, 7358.000000, 7358, 7358, 7358, 7358
Seq_Read, 8324.000000, 8324, 8324, 8324, 8324
Seq_Read, 8664.000000, 8664, 8664, 8664, 8664
Seq_Read, 6794.000000, 6794, 6794, 6794, 6794
Seq_Read, 6185.000000, 6185, 6185, 6185, 6185
Seq_Read, 6739.000000, 6739, 6739, 6739, 6739
Seq_Read, 6121.000000, 6121, 6121, 6121, 6121
Seq_Read, 9185.000000, 9185, 9185, 9185, 9185
Seq_Read, 8382.000000, 8382, 8382, 8382, 8382
Seq_Read, 6279.000000, 6279, 6279, 6279, 6279
Seq_Read, 7803.000000, 7803, 7803, 7803, 7803
Seq_Read, 7282.000000, 7282, 7282, 7282, 7282
Seq_Read, 6139.000000, 6139, 6139, 6139, 6139
Seq_Read, 8088.000000, 8088, 8088, 8088, 8088
Seq_Read, 6803.000000, 6803, 6803, 6803, 6803
Seq_Read, 5363.000000, 5363, 5363, 5363, 5363
Seq_Read, 4636.000000, 4636, 4636, 4636, 4636
Seq_Read, 6925.000000, 6925, 6925, 6925, 6925
Seq_Read, 8058.000000, 8058, 8058, 8058, 8058
Seq_Read, 71506391.000000, 71506391, 71506391, 71506391, 71506391
Seq_Read, 71874000.000000, 71874000, 71874000, 71874000, 71874000
Seq_Read, 9739.000000, 9739, 9739, 9739, 9739
Seq_Read, 4836.000000, 4836, 4836, 4836, 4836
Seq_Read, 4715.000000, 4715, 4715, 4715, 4715
Seq_Read, 4755.000000, 4755, 4755, 4755, 4755
Seq_Read, 12342.000000, 12342, 12342, 12342, 12342
Seq_Read, 7409.000000, 7409, 7409, 7409, 7409
Seq_Read, 7518430.000000, 7518430, 7518430, 7518430, 7518430
Seq_Read, 24853039.000000, 24853039, 24853039, 24853039, 24853039
Seq_Read, 11943.000000, 11943, 11943, 11943, 11943
Seq_Read, 8557.000000, 8557, 8557, 8557, 8557
Seq_Read, 8543.000000, 8543, 8543, 8543, 8543
Seq_Read, 8521.000000, 8521, 8521, 8521, 8521
Seq_Read, 7555.000000, 7555, 7555, 7555, 7555
Seq_Read, 7588.000000, 7588, 7588, 7588, 7588
Seq_Read, 8449.000000, 8449, 8449, 8449, 8449
Seq_Read, 7779.000000, 7779, 7779, 7779, 7779
Seq_Read, 8537.000000, 8537, 8537, 8537, 8537
Seq_Read, 7500.000000, 7500, 7500, 7500, 7500
Seq_Read, 8103.000000, 8103, 8103, 8103, 8103
Seq_Read, 7721.000000, 7721, 7721, 7721, 7721
Seq_Read, 7548.000000, 7548, 7548, 7548, 7548
Seq_Read, 8267.000000, 8267, 8267, 8267, 8267
Seq_Read, 7572.000000, 7572, 7572, 7572, 7572
Seq_Read, 7288.000000, 7288, 7288, 7288, 7288
Seq_Read, 6682.000000, 6682, 6682, 6682, 6682
Seq_Read, 7658.000000, 7658, 7658, 7658, 7658
Seq_Read, 7718.000000, 7718, 7718, 7718, 7718
Seq_Read, 7894.000000, 7894, 7894, 7894, 7894
Seq_Read, 7540.000000, 7540, 7540, 7540, 7540
Seq_Read, 7285.000000, 7285, 7285, 7285, 7285
Seq_Read, 8512.000000, 8512, 8512, 8512, 8512
Seq_Read, 7609.000000, 7609, 7609, 7609, 7609
Seq_Read, 8215.000000, 8215, 8215, 8215, 8215
Seq_Read, 7082.000000, 7082, 7082, 7082, 7082
Seq_Read, 8315.000000, 8315, 8315, 8315, 8315
Seq_Read, 7191.000000, 7191, 7191, 7191, 7191
Seq_Read, 6642.000000, 6642, 6642, 6642, 6642
Seq_Read, 6842.000000, 6842, 6842, 6842, 6842
Seq_Read, 6864.000000, 6864, 6864, 6864, 6864
Seq_Read, 4982.000000, 4982, 4982, 4982, 4982
Seq_Read, 4948.000000, 4948, 4948, 4948, 4948
Seq_Read, 4867.000000, 4867, 4867, 4867, 4867
Seq_Read, 4654.000000, 4654, 4654, 4654, 4654
Seq_Read, 7660.000000, 7660, 7660, 7660, 7660
Seq_Read, 6991.000000, 6991, 6991, 6991, 6991
Seq_Read, 6876.000000, 6876, 6876, 6876, 6876
Seq_Read, 7397.000000, 7397, 7397, 7397, 7397
Seq_Read, 6836.000000, 6836, 6836, 6836, 6836
Seq_Read, 6882.000000, 6882, 6882, 6882, 6882
Seq_Read, 6646.000000, 6646, 6646, 6646, 6646
Seq_Read, 6421.000000, 6421, 6421, 6421, 6421
Seq_Read, 19426364.000000, 19426364, 19426364, 19426364, 19426364
Seq_Read, 28709751.000000, 28709751, 28709751, 28709751, 28709751
Seq_Read, 18725494.000000, 18725494, 18725494, 18725494, 18725494
Seq_Read, 10218.000000, 10218, 10218, 10218, 10218
Seq_Read, 5900.000000, 5900, 5900, 5900, 5900
Seq_Read, 5891.000000, 5891, 5891, 5891, 5891
Seq_Read, 5728.000000, 5728, 5728, 5728, 5728
Seq_Read, 4973.000000, 4973, 4973, 4973, 4973
Seq_Read, 7357.000000, 7357, 7357, 7357, 7357
Seq_Read, 6146.000000, 6146, 6146, 6146, 6146
Seq_Read, 5064.000000, 5064, 5064, 5064, 5064
Seq_Read, 4730.000000, 4730, 4730, 4730, 4730
Seq_Read, 5021.000000, 5021, 5021, 5021, 5021
Seq_Read, 4645.000000, 4645, 4645, 4645, 4645
Seq_Read, 4818.000000, 4818, 4818, 4818, 4818
Seq_Read, 4751.000000, 4751, 4751, 4751, 4751
Seq_Read, 4791.000000, 4791, 4791, 4791, 4791
Seq_Read, 6715.000000, 6715, 6715, 6715, 6715
Seq_Read, 5982.000000, 5982, 5982, 5982, 5982
Seq_Read, 7303.000000, 7303, 7303, 7303, 7303
Seq_Read, 7143.000000, 7143, 7143, 7143, 7143
Seq_Read, 6139.000000, 6139, 6139, 6139, 6139
Seq_Read, 6330.000000, 6330, 6330, 6330, 6330
Seq_Read, 6942.000000, 6942, 6942, 6942, 6942
Seq_Read, 5869.000000, 5869, 5869, 5869, 5869
Seq_Read, 6342.000000, 6342, 6342, 6342, 6342
Seq_Read, 6597.000000, 6597, 6597, 6597, 6597
Seq_Read, 5525.000000, 5525, 5525, 5525, 5525
Seq_Read, 6239.000000, 6239, 6239, 6239, 6239
Seq_Read, 6291.000000, 6291, 6291, 6291, 6291
Seq_Read, 7224.000000, 7224, 7224, 7224, 7224
Seq_Read, 6212.000000, 6212, 6212, 6212, 6212
Seq_Read, 5688.000000, 5688, 5688, 5688, 5688
Seq_Read, 6930.000000, 6930, 6930, 6930, 6930
Seq_Read, 8124.000000, 8124, 8124, 8124, 8124
Seq_Read, 5709.000000, 5709, 5709, 5709, 5709
Seq_Read, 6997.000000, 6997, 6997, 6997, 6997
Seq_Read, 7288.000000, 7288, 7288, 7288, 7288
Seq_Read, 6591.000000, 6591, 6591, 6591, 6591
Seq_Read, 6557.000000, 6557, 6557, 6557, 6557
Seq_Read, 7394.000000, 7394, 7394, 7394, 7394
Seq_Read, 6840.000000, 6840, 6840, 6840, 6840
Seq_Read, 7379.000000, 7379, 7379, 7379, 7379
Seq_Read, 6521.000000, 6521, 6521, 6521, 6521
Seq_Read, 6509.000000, 6509, 6509, 6509, 6509
Seq_Read, 7494.000000, 7494, 7494, 7494, 7494
Seq_Read, 6673.000000, 6673, 6673, 6673, 6673
Seq_Read, 6652.000000, 6652, 6652, 6652, 6652
Seq_Read, 6552.000000, 6552, 6552, 6552, 6552
Seq_Read, 6900.000000, 6900, 6900, 6900, 6900
Seq_Read, 7728.000000, 7728, 7728, 7728, 7728
Seq_Read, 7563.000000, 7563, 7563, 7563, 7563
Seq_Read, 6927.000000, 6927, 6927, 6927, 6927
Seq_Read, 7946.000000, 7946, 7946, 7946, 7946
Seq_Read, 7054.000000, 7054, 7054, 7054, 7054
Seq_Read, 7540.000000, 7540, 7540, 7540, 7540
Seq_Read, 9424.000000, 9424, 9424, 9424, 9424
Seq_Read, 7409.000000, 7409, 7409, 7409, 7409
Seq_Read, 6837.000000, 6837, 6837, 6837, 6837
Seq_Read, 7088.000000, 7088, 7088, 7088, 7088
Seq_Read, 7918.000000, 7918, 7918, 7918, 7918
Seq_Read, 7500.000000, 7500, 7500, 7500, 7500
Seq_Read, 7118.000000, 7118, 7118, 7118, 7118
Seq_Read, 7582.000000, 7582, 7582, 7582, 7582
Seq_Read, 8618.000000, 8618, 8618, 8618, 8618
Seq_Read, 7924.000000, 7924, 7924, 7924, 7924
Seq_Read, 8676.000000, 8676, 8676, 8676, 8676
Seq_Read, 7403.000000, 7403, 7403, 7403, 7403
Seq_Read, 8097.000000, 8097, 8097, 8097, 8097
Seq_Read, 9600.000000, 9600, 9600, 9600, 9600
Seq_Read, 8055.000000, 8055, 8055, 8055, 8055
Seq_Read, 8815.000000, 8815, 8815, 8815, 8815
Seq_Read, 8982.000000, 8982, 8982, 8982, 8982
Seq_Read, 7057.000000, 7057, 7057, 7057, 7057
Seq_Read, 9318.000000, 9318, 9318, 9318, 9318
Seq_Read, 9100.000000, 9100, 9100, 9100, 9100
Seq_Read, 7791.000000, 7791, 7791, 7791, 7791
Seq_Read, 7930.000000, 7930, 7930, 7930, 7930
Seq_Read, 7773.000000, 7773, 7773, 7773, 7773
Seq_Read, 7494.000000, 7494, 7494, 7494, 7494
Seq_Read, 8351.000000, 8351, 8351, 8351, 8351
Seq_Read, 7712.000000, 7712, 7712, 7712, 7712
Seq_Read, 8634.000000, 8634, 8634, 8634, 8634
Seq_Read, 7694.000000, 7694, 7694, 7694, 7694
Seq_Read, 9355.000000, 9355, 9355, 9355, 9355
Seq_Read, 9339.000000, 9339, 9339, 9339, 9339
Seq_Read, 7179.000000, 7179, 7179, 7179, 7179
Seq_Read, 7057.000000, 7057, 7057, 7057, 7057
Seq_Read, 6454.000000, 6454, 6454, 6454, 6454
Seq_Read, 8260.000000, 8260, 8260, 8260, 8260
Seq_Read, 6706.000000, 6706, 6706, 6706, 6706
Seq_Read, 5940.000000, 5940, 5940, 5940, 5940
Seq_Read, 6215.000000, 6215, 6215, 6215, 6215
Seq_Read, 5303.000000, 5303, 5303, 5303, 5303
Seq_Read, 5415.000000, 5415, 5415, 5415, 5415
Seq_Read, 6046.000000, 6046, 6046, 6046, 6046
Seq_Read, 4745.000000, 4745, 4745, 4745, 4745
Seq_Read, 5776.000000, 5776, 5776, 5776, 5776
Seq_Read, 5930.000000, 5930, 5930, 5930, 5930
Seq_Read, 5527.000000, 5527, 5527, 5527, 5527
Seq_Read, 6345.000000, 6345, 6345, 6345, 6345
Seq_Read, 5727.000000, 5727, 5727, 5727, 5727
Seq_Read, 6631.000000, 6631, 6631, 6631, 6631
Seq_Read, 5146.000000, 5146, 5146, 5146, 5146
Seq_Read, 25840.000000, 25840, 25840, 25840, 25840
Seq_Read, 8394.000000, 8394, 8394, 8394, 8394
Seq_Read, 8615.000000, 8615, 8615, 8615, 8615
Seq_Read, 8058.000000, 8058, 8058, 8058, 8058
Seq_Read, 8463.000000, 8463, 8463, 8463, 8463
Seq_Read, 8240.000000, 8240, 8240, 8240, 8240
Seq_Read, 8897.000000, 8897, 8897, 8897, 8897
Seq_Read, 8161.000000, 8161, 8161, 8161, 8161
Seq_Read, 10312.000000, 10312, 10312, 10312, 10312
Seq_Read, 8476.000000, 8476, 8476, 8476, 8476
Seq_Read, 7991.000000, 7991, 7991, 7991, 7991
Seq_Read, 8991.000000, 8991, 8991, 8991, 8991
Seq_Read, 8403.000000, 8403, 8403, 8403, 8403
Seq_Read, 8209.000000, 8209, 8209, 8209, 8209
Seq_Read, 8006.000000, 8006, 8006, 8006, 8006
Seq_Read, 7661.000000, 7661, 7661, 7661, 7661
Seq_Read, 9467.000000, 9467, 9467, 9467, 9467
Seq_Read, 8103.000000, 8103, 8103, 8103, 8103
Seq_Read, 8661.000000, 8661, 8661, 8661, 8661
Seq_Read, 8169.000000, 8169, 8169, 8169, 8169
Seq_Read, 8182.000000, 8182, 8182, 8182, 8182
Seq_Read, 9836.000000, 9836, 9836, 9836, 9836
Seq_Read, 7948.000000, 7948, 7948, 7948, 7948
Seq_Read, 7406.000000, 7406, 7406, 7406, 7406
Seq_Read, 15527485.000000, 15527485, 15527485, 15527485, 15527485
Seq_Read, 12388.000000, 12388, 12388, 12388, 12388
Seq_Read, 9476.000000, 9476, 9476, 9476, 9476
Seq_Read, 10528.000000, 10528, 10528, 10528, 10528
Seq_Read, 9343.000000, 9343, 9343, 9343, 9343
Seq_Read, 8288.000000, 8288, 8288, 8288, 8288
Seq_Read, 6960.000000, 6960, 6960, 6960, 6960
Seq_Read, 5412.000000, 5412, 5412, 5412, 5412
Seq_Read, 6076.000000, 6076, 6076, 6076, 6076
Seq_Read, 5346.000000, 5346, 5346, 5346, 5346
Seq_Read, 5752.000000, 5752, 5752, 5752, 5752
Seq_Read, 5227.000000, 5227, 5227, 5227, 5227
Seq_Read, 8721.000000, 8721, 8721, 8721, 8721
Seq_Read, 8463.000000, 8463, 8463, 8463, 8463
Seq_Read, 9279.000000, 9279, 9279, 9279, 9279
Seq_Read, 7085.000000, 7085, 7085, 7085, 7085
Seq_Read, 7670.000000, 7670, 7670, 7670, 7670
Seq_Read, 7376.000000, 7376, 7376, 7376, 7376
Seq_Read, 8567.000000, 8567, 8567, 8567, 8567
Seq_Read, 8464.000000, 8464, 8464, 8464, 8464
Seq_Read, 7564.000000, 7564, 7564, 7564, 7564
Seq_Read, 8609.000000, 8609, 8609, 8609, 8609
Seq_Read, 8188.000000, 8188, 8188, 8188, 8188
Seq_Read, 8364.000000, 8364, 8364, 8364, 8364
Seq_Read, 10276.000000, 10276, 10276, 10276, 10276
Seq_Read, 10364.000000, 10364, 10364, 10364, 10364
Seq_Read, 9136.000000, 9136, 9136, 9136, 9136
Seq_Read, 8470.000000, 8470, 8470, 8470, 8470
Seq_Read, 8545.000000, 8545, 8545, 8545, 8545
Seq_Read, 8424.000000, 8424, 8424, 8424, 8424
Seq_Read, 7673.000000, 7673, 7673, 7673, 7673
Seq_Read, 7494.000000, 7494, 7494, 7494, 7494
Seq_Read, 6191.000000, 6191, 6191, 6191, 6191
Seq_Read, 9097.000000, 9097, 9097, 9097, 9097
Seq_Read, 7091.000000, 7091, 7091, 7091, 7091
Seq_Read, 7679.000000, 7679, 7679, 7679, 7679
Seq_Read, 7491.000000, 7491, 7491, 7491, 7491
Seq_Read, 9364.000000, 9364, 9364, 9364, 9364
Seq_Read, 7163.000000, 7163, 7163, 7163, 7163
Seq_Read, 8245.000000, 8245, 8245, 8245, 8245
Seq_Read, 7476.000000, 7476, 7476, 7476, 7476
Seq_Read, 7433.000000, 7433, 7433, 7433, 7433
Seq_Read, 7352.000000, 7352, 7352, 7352, 7352
Seq_Read, 8236.000000, 8236, 8236, 8236, 8236
Seq_Read, 8021.000000, 8021, 8021, 8021, 8021
Seq_Read, 7488.000000, 7488, 7488, 7488, 7488
Seq_Read, 5906.000000, 5906, 5906, 5906, 5906
Seq_Read, 7546.000000, 7546, 7546, 7546, 7546
Seq_Read, 7048.000000, 7048, 7048, 7048, 7048
Seq_Read, 7130.000000, 7130, 7130, 7130, 7130
Seq_Read, 8273.000000, 8273, 8273, 8273, 8273
Seq_Read, 8254.000000, 8254, 8254, 8254, 8254
Seq_Read, 8979.000000, 8979, 8979, 8979, 8979
Seq_Read, 7639.000000, 7639, 7639, 7639, 7639
Seq_Read, 8012.000000, 8012, 8012, 8012, 8012
Seq_Read, 8194.000000, 8194, 8194, 8194, 8194
Seq_Read, 8700.000000, 8700, 8700, 8700, 8700
Seq_Read, 8727.000000, 8727, 8727, 8727, 8727
Seq_Read, 9133.000000, 9133, 9133, 9133, 9133
Seq_Read, 8258.000000, 8258, 8258, 8258, 8258
Seq_Read, 8458.000000, 8458, 8458, 8458, 8458
Seq_Read, 8021.000000, 8021, 8021, 8021, 8021
Seq_Read, 8018.000000, 8018, 8018, 8018, 8018
Seq_Read, 7834.000000, 7834, 7834, 7834, 7834
Seq_Read, 6688.000000, 6688, 6688, 6688, 6688
Seq_Read, 6255.000000, 6255, 6255, 6255, 6255
Seq_Read, 7694.000000, 7694, 7694, 7694, 7694
Seq_Read, 9367.000000, 9367, 9367, 9367, 9367
Seq_Read, 9785.000000, 9785, 9785, 9785, 9785
Seq_Read, 9215.000000, 9215, 9215, 9215, 9215
Seq_Read, 8539.000000, 8539, 8539, 8539, 8539
Seq_Read, 9400.000000, 9400, 9400, 9400, 9400
Seq_Read, 11473.000000, 11473, 11473, 11473, 11473
Seq_Read, 9115.000000, 9115, 9115, 9115, 9115
Seq_Read, 5312.000000, 5312, 5312, 5312, 5312
Seq_Read, 8661.000000, 8661, 8661, 8661, 8661
Seq_Read, 8079.000000, 8079, 8079, 8079, 8079
Seq_Read, 8303.000000, 8303, 8303, 8303, 8303
Seq_Read, 8085.000000, 8085, 8085, 8085, 8085
Seq_Read, 7512.000000, 7512, 7512, 7512, 7512
Seq_Read, 9754.000000, 9754, 9754, 9754, 9754
Seq_Read, 8103.000000, 8103, 8103, 8103, 8103
Seq_Read, 9334.000000, 9334, 9334, 9334, 9334
Seq_Read, 9866.000000, 9866, 9866, 9866, 9866
Seq_Read, 8154.000000, 8154, 8154, 8154, 8154
Seq_Read, 9564.000000, 9564, 9564, 9564, 9564
Seq_Read, 7988.000000, 7988, 7988, 7988, 7988
Seq_Read, 170903.000000, 170903, 170903, 170903, 170903
Seq_Read, 9288.000000, 9288, 9288, 9288, 9288
Seq_Read, 9009.000000, 9009, 9009, 9009, 9009
Seq_Read, 8597.000000, 8597, 8597, 8597, 8597
Seq_Read, 7057.000000, 7057, 7057, 7057, 7057
Seq_Read, 6191.000000, 6191, 6191, 6191, 6191
Seq_Read, 4455.000000, 4455, 4455, 4455, 4455
Seq_Read, 8773.000000, 8773, 8773, 8773, 8773
Seq_Read, 9134.000000, 9134, 9134, 9134, 9134
Seq_Read, 5391.000000, 5391, 5391, 5391, 5391
Seq_Read, 6588.000000, 6588, 6588, 6588, 6588
Seq_Read, 6322.000000, 6322, 6322, 6322, 6322
Seq_Read, 6903.000000, 6903, 6903, 6903, 6903
Seq_Read, 5782.000000, 5782, 5782, 5782, 5782
Seq_Read, 8858.000000, 8858, 8858, 8858, 8858
Seq_Read, 6161.000000, 6161, 6161, 6161, 6161
Seq_Read, 55969667.000000, 55969667, 55969667, 55969667, 55969667
Seq_Read, 9646.000000, 9646, 9646, 9646, 9646
Seq_Read, 7078.000000, 7078, 7078, 7078, 7078
Seq_Read, 7751.000000, 7751, 7751, 7751, 7751
Seq_Read, 7558.000000, 7558, 7558, 7558, 7558
Seq_Read, 8860.000000, 8860, 8860, 8860, 8860
Seq_Read, 7367.000000, 7367, 7367, 7367, 7367
Seq_Read, 8588.000000, 8588, 8588, 8588, 8588
Seq_Read, 8991.000000, 8991, 8991, 8991, 8991
Seq_Read, 7422.000000, 7422, 7422, 7422, 7422
Seq_Read, 7749.000000, 7749, 7749, 7749, 7749
Seq_Read, 8352.000000, 8352, 8352, 8352, 8352
Seq_Read, 9655.000000, 9655, 9655, 9655, 9655
Seq_Read, 7770.000000, 7770, 7770, 7770, 7770
Seq_Read, 7506.000000, 7506, 7506, 7506, 7506
Seq_Read, 11657.000000, 11657, 11657, 11657, 11657
Seq_Read, 8094.000000, 8094, 8094, 8094, 8094
Seq_Read, 8630.000000, 8630, 8630, 8630, 8630
Seq_Read, 7688.000000, 7688, 7688, 7688, 7688
Seq_Read, 7194.000000, 7194, 7194, 7194, 7194
Seq_Read, 8927.000000, 8927, 8927, 8927, 8927
Seq_Read, 7552.000000, 7552, 7552, 7552, 7552
Seq_Read, 8194.000000, 8194, 8194, 8194, 8194
Seq_Read, 9052.000000, 9052, 9052, 9052, 9052
Seq_Read, 6312.000000, 6312, 6312, 6312, 6312
Seq_Read, 5312.000000, 5312, 5312, 5312, 5312
Seq_Read, 6151.000000, 6151, 6151, 6151, 6151
Seq_Read, 7155.000000, 7155, 7155, 7155, 7155
Seq_Read, 5391.000000, 5391, 5391, 5391, 5391
Seq_Read, 4179.000000, 4179, 4179, 4179, 4179
Seq_Read, 4473.000000, 4473, 4473, 4473, 4473
Seq_Read, 5645.000000, 5645, 5645, 5645, 5645
Seq_Read, 8812.000000, 8812, 8812, 8812, 8812
Seq_Read, 8648.000000, 8648, 8648, 8648, 8648
Seq_Read, 8327.000000, 8327, 8327, 8327, 8327
Seq_Read, 6770.000000, 6770, 6770, 6770, 6770
Seq_Read, 7600.000000, 7600, 7600, 7600, 7600
Seq_Read, 7118.000000, 7118, 7118, 7118, 7118
Seq_Read, 6036.000000, 6036, 6036, 6036, 6036
Seq_Read, 7157.000000, 7157, 7157, 7157, 7157
Seq_Read, 7912.000000, 7912, 7912, 7912, 7912
Seq_Read, 5782.000000, 5782, 5782, 5782, 5782
Seq_Read, 6628.000000, 6628, 6628, 6628, 6628
Seq_Read, 6888.000000, 6888, 6888, 6888, 6888
Seq_Read, 5167.000000, 5167, 5167, 5167, 5167
Seq_Read, 6767.000000, 6767, 6767, 6767, 6767
Seq_Read, 6661.000000, 6661, 6661, 6661, 6661
Seq_Read, 6945.000000, 6945, 6945, 6945, 6945
Seq_Read, 6657.000000, 6657, 6657, 6657, 6657
Seq_Read, 7033.000000, 7033, 7033, 7033, 7033
Seq_Read, 6370.000000, 6370, 6370, 6370, 6370
Seq_Read, 5600.000000, 5600, 5600, 5600, 5600
Seq_Read, 7133.000000, 7133, 7133, 7133, 7133
Seq_Read, 7697.000000, 7697, 7697, 7697, 7697
Seq_Read, 6827.000000, 6827, 6827, 6827, 6827
Seq_Read, 5379.000000, 5379, 5379, 5379, 5379
Seq_Read, 6754.000000, 6754, 6754, 6754, 6754
Seq_Read, 7315.000000, 7315, 7315, 7315, 7315
Seq_Read, 7079.000000, 7079, 7079, 7079, 7079
Seq_Read, 6915.000000, 6915, 6915, 6915, 6915
Seq_Read, 8052.000000, 8052, 8052, 8052, 8052
Seq_Read, 6491.000000, 6491, 6491, 6491, 6491
Seq_Read, 7672.000000, 7672, 7672, 7672, 7672
Seq_Read, 7846.000000, 7846, 7846, 7846, 7846
Seq_Read, 6324.000000, 6324, 6324, 6324, 6324
Seq_Read, 6091.000000, 6091, 6091, 6091, 6091
Seq_Read, 3933.000000, 3933, 3933, 3933, 3933
Seq_Read, 4903.000000, 4903, 4903, 4903, 4903
Seq_Read, 4739.000000, 4739, 4739, 4739, 4739
Seq_Read, 4836.000000, 4836, 4836, 4836, 4836
Seq_Read, 7415.000000, 7415, 7415, 7415, 7415
Seq_Read, 5821.000000, 5821, 5821, 5821, 5821
Seq_Read, 7300.000000, 7300, 7300, 7300, 7300
Seq_Read, 6636.000000, 6636, 6636, 6636, 6636
Seq_Read, 6934.000000, 6934, 6934, 6934, 6934
Seq_Read, 35096328.000000, 35096328, 35096328, 35096328, 35096328
Seq_Read, 5255.000000, 5255, 5255, 5255, 5255
Seq_Read, 7497.000000, 7497, 7497, 7497, 7497
Seq_Read, 7088.000000, 7088, 7088, 7088, 7088
Seq_Read, 5200.000000, 5200, 5200, 5200, 5200
Seq_Read, 7145.000000, 7145, 7145, 7145, 7145
Seq_Read, 7036.000000, 7036, 7036, 7036, 7036
Seq_Read, 37184757.000000, 37184757, 37184757, 37184757, 37184757
Seq_Read, 39161594.000000, 39161594, 39161594, 39161594, 39161594
Seq_Read, 8515.000000, 8515, 8515, 8515, 8515
Seq_Read, 6973.000000, 6973, 6973, 6973, 6973
Seq_Read, 4745.000000, 4745, 4745, 4745, 4745
Seq_Read, 23980236.000000, 23980236, 23980236, 23980236, 23980236
Seq_Read, 7609.000000, 7609, 7609, 7609, 7609
Seq_Read, 6364.000000, 6364, 6364, 6364, 6364
Seq_Read, 6094.000000, 6094, 6094, 6094, 6094
Seq_Read, 6136.000000, 6136, 6136, 6136, 6136
Seq_Read, 6582.000000, 6582, 6582, 6582, 6582
Seq_Read, 6664.000000, 6664, 6664, 6664, 6664
Seq_Read, 30936979.000000, 30936979, 30936979, 30936979, 30936979
Seq_Read, 6885.000000, 6885, 6885, 6885, 6885
Seq_Read, 6848.000000, 6848, 6848, 6848, 6848
Seq_Read, 6164.000000, 6164, 6164, 6164, 6164
Seq_Read, 7485.000000, 7485, 7485, 7485, 7485
Seq_Read, 20898282.000000, 20898282, 20898282, 20898282, 20898282
Seq_Read, 5876.000000, 5876, 5876, 5876, 5876
Seq_Read, 6239.000000, 6239, 6239, 6239, 6239
Seq_Read, 6630.000000, 6630, 6630, 6630, 6630
Seq_Read, 7485.000000, 7485, 7485, 7485, 7485
Seq_Read, 12291.000000, 12291, 12291, 12291, 12291
Seq_Read, 7558.000000, 7558, 7558, 7558, 7558
Seq_Read, 21217006.000000, 21217006, 21217006, 21217006, 21217006
Seq_Read, 8221.000000, 8221, 8221, 8221, 8221
Seq_Read, 6237.000000, 6237, 6237, 6237, 6237
Seq_Read, 6360.000000, 6360, 6360, 6360, 6360
Seq_Read, 7554.000000, 7554, 7554, 7554, 7554
Seq_Read, 7982.000000, 7982, 7982, 7982, 7982
Seq_Read, 7473.000000, 7473, 7473, 7473, 7473
Seq_Read, 7191.000000, 7191, 7191, 7191, 7191
Seq_Read, 6233.000000, 6233, 6233, 6233, 6233
Seq_Read, 7391.000000, 7391, 7391, 7391, 7391
Seq_Read, 7006.000000, 7006, 7006, 7006, 7006
Seq_Read, 6830.000000, 6830, 6830, 6830, 6830
Seq_Read, 5664.000000, 5664, 5664, 5664, 5664
Seq_Read, 4648.000000, 4648, 4648, 4648, 4648
Seq_Read, 8841085.000000, 8841085, 8841085, 8841085, 8841085
Seq_Read, 26882206.000000, 26882206, 26882206, 26882206, 26882206
Seq_Read, 9445.000000, 9445, 9445, 9445, 9445
Seq_Read, 7170.000000, 7170, 7170, 7170, 7170
Seq_Read, 7182.000000, 7182, 7182, 7182, 7182
Seq_Read, 7015.000000, 7015, 7015, 7015, 7015
Seq_Read, 6766.000000, 6766, 6766, 6766, 6766
Seq_Read, 7718.000000, 7718, 7718, 7718, 7718
Seq_Read, 7600.000000, 7600, 7600, 7600, 7600
Seq_Read, 6228.000000, 6228, 6228, 6228, 6228
Seq_Read, 7912.000000, 7912, 7912, 7912, 7912
Seq_Read, 7351.000000, 7351, 7351, 7351, 7351
Seq_Read, 6566.000000, 6566, 6566, 6566, 6566
Seq_Read, 6527.000000, 6527, 6527, 6527, 6527
Seq_Read, 7837.000000, 7837, 7837, 7837, 7837
Seq_Read, 6312.000000, 6312, 6312, 6312, 6312
Seq_Read, 6754.000000, 6754, 6754, 6754, 6754
Seq_Read, 7651.000000, 7651, 7651, 7651, 7651
Seq_Read, 7139.000000, 7139, 7139, 7139, 7139
Seq_Read, 7591.000000, 7591, 7591, 7591, 7591
Seq_Read, 7991.000000, 7991, 7991, 7991, 7991
Seq_Read, 7470.000000, 7470, 7470, 7470, 7470
Seq_Read, 6461.000000, 6461, 6461, 6461, 6461
Seq_Read, 6873.000000, 6873, 6873, 6873, 6873
Seq_Read, 7076.000000, 7076, 7076, 7076, 7076
Seq_Read, 6842.000000, 6842, 6842, 6842, 6842
Seq_Read, 7149.000000, 7149, 7149, 7149, 7149
Seq_Read, 7209.000000, 7209, 7209, 7209, 7209
Seq_Read, 6522.000000, 6522, 6522, 6522, 6522
Seq_Read, 7703.000000, 7703, 7703, 7703, 7703
Seq_Read, 6255.000000, 6255, 6255, 6255, 6255
Seq_Read, 6843.000000, 6843, 6843, 6843, 6843
Seq_Read, 6940.000000, 6940, 6940, 6940, 6940
Seq_Read, 6700.000000, 6700, 6700, 6700, 6700
Seq_Read, 7594.000000, 7594, 7594, 7594, 7594
Seq_Read, 8909.000000, 8909, 8909, 8909, 8909
Seq_Read, 7897.000000, 7897, 7897, 7897, 7897
Seq_Read, 7812.000000, 7812, 7812, 7812, 7812
Seq_Read, 7467.000000, 7467, 7467, 7467, 7467
Seq_Read, 8597.000000, 8597, 8597, 8597, 8597
Seq_Read, 7976.000000, 7976, 7976, 7976, 7976
Seq_Read, 7358.000000, 7358, 7358, 7358, 7358
Seq_Read, 9042.000000, 9042, 9042, 9042, 9042
Seq_Read, 9151.000000, 9151, 9151, 9151, 9151
Seq_Read, 7915.000000, 7915, 7915, 7915, 7915
Seq_Read, 8991.000000, 8991, 8991, 8991, 8991
Seq_Read, 7873.000000, 7873, 7873, 7873, 7873
Seq_Read, 8276.000000, 8276, 8276, 8276, 8276
Seq_Read, 7648.000000, 7648, 7648, 7648, 7648
Seq_Read, 8224.000000, 8224, 8224, 8224, 8224
Seq_Read, 7779.000000, 7779, 7779, 7779, 7779
Seq_Read, 7355.000000, 7355, 7355, 7355, 7355
Seq_Read, 6661.000000, 6661, 6661, 6661, 6661
Seq_Read, 7009.000000, 7009, 7009, 7009, 7009
Seq_Read, 6912.000000, 6912, 6912, 6912, 6912
Seq_Read, 7433.000000, 7433, 7433, 7433, 7433
Seq_Read, 7478.000000, 7478, 7478, 7478, 7478
Seq_Read, 6909.000000, 6909, 6909, 6909, 6909
Seq_Read, 6836.000000, 6836, 6836, 6836, 6836
Seq_Read, 7091.000000, 7091, 7091, 7091, 7091
Seq_Read, 6761.000000, 6761, 6761, 6761, 6761
Seq_Read, 6376.000000, 6376, 6376, 6376, 6376
Seq_Read, 6949.000000, 6949, 6949, 6949, 6949
Seq_Read, 6603.000000, 6603, 6603, 6603, 6603
Seq_Read, 7334.000000, 7334, 7334, 7334, 7334
Seq_Read, 6785.000000, 6785, 6785, 6785, 6785
Seq_Read, 6585.000000, 6585, 6585, 6585, 6585
Seq_Read, 7052.000000, 7052, 7052, 7052, 7052
Seq_Read, 6779.000000, 6779, 6779, 6779, 6779
Seq_Read, 5248.000000, 5248, 5248, 5248, 5248
Seq_Read, 5103.000000, 5103, 5103, 5103, 5103
Seq_Read, 4746.000000, 4746, 4746, 4746, 4746
Seq_Read, 4700.000000, 4700, 4700, 4700, 4700
Seq_Read, 4615.000000, 4615, 4615, 4615, 4615
Seq_Read, 8946.000000, 8946, 8946, 8946, 8946
Seq_Read, 7561.000000, 7561, 7561, 7561, 7561
Seq_Read, 8194.000000, 8194, 8194, 8194, 8194
Seq_Read, 6755.000000, 6755, 6755, 6755, 6755
Seq_Read, 8246.000000, 8246, 8246, 8246, 8246
Seq_Read, 71312051.000000, 71312051, 71312051, 71312051, 71312051
Seq_Read, 7873.000000, 7873, 7873, 7873, 7873
Seq_Read, 9073.000000, 9073, 9073, 9073, 9073
Seq_Read, 7736.000000, 7736, 7736, 7736, 7736
Seq_Read, 7224.000000, 7224, 7224, 7224, 7224
Seq_Read, 7461.000000, 7461, 7461, 7461, 7461
Seq_Read, 7736.000000, 7736, 7736, 7736, 7736
Seq_Read, 7218.000000, 7218, 7218, 7218, 7218
Seq_Read, 7658.000000, 7658, 7658, 7658, 7658
Seq_Read, 6551.000000, 6551, 6551, 6551, 6551
Seq_Read, 6345.000000, 6345, 6345, 6345, 6345
Seq_Read, 4818.000000, 4818, 4818, 4818, 4818
Seq_Read, 7482.000000, 7482, 7482, 7482, 7482
Seq_Read, 5158.000000, 5158, 5158, 5158, 5158
Seq_Read, 4767.000000, 4767, 4767, 4767, 4767
Seq_Read, 7206.000000, 7206, 7206, 7206, 7206
Seq_Read, 7603.000000, 7603, 7603, 7603, 7603
Seq_Read, 7839.000000, 7839, 7839, 7839, 7839
Seq_Read, 7288.000000, 7288, 7288, 7288, 7288
Seq_Read, 6812.000000, 6812, 6812, 6812, 6812
Seq_Read, 7327.000000, 7327, 7327, 7327, 7327
Seq_Read, 4028.000000, 4028, 4028, 4028, 4028
Seq_Read, 7357.000000, 7357, 7357, 7357, 7357
Seq_Read, 6572.000000, 6572, 6572, 6572, 6572
Seq_Read, 5621.000000, 5621, 5621, 5621, 5621
Seq_Read, 7479.000000, 7479, 7479, 7479, 7479
Seq_Read, 7000.000000, 7000, 7000, 7000, 7000
Seq_Read, 6749.000000, 6749, 6749, 6749, 6749
Seq_Read, 6452.000000, 6452, 6452, 6452, 6452
Seq_Read, 5576.000000, 5576, 5576, 5576, 5576
Seq_Read, 7346.000000, 7346, 7346, 7346, 7346
Seq_Read, 5849.000000, 5849, 5849, 5849, 5849
Seq_Read, 6267.000000, 6267, 6267, 6267, 6267
Seq_Read, 6873.000000, 6873, 6873, 6873, 6873
Seq_Read, 7042.000000, 7042, 7042, 7042, 7042
Seq_Read, 7851.000000, 7851, 7851, 7851, 7851
Seq_Read, 6937.000000, 6937, 6937, 6937, 6937
Seq_Read, 5839.000000, 5839, 5839, 5839, 5839
Seq_Read, 6242.000000, 6242, 6242, 6242, 6242
Seq_Read, 6985.000000, 6985, 6985, 6985, 6985
Seq_Read, 6206.000000, 6206, 6206, 6206, 6206
Seq_Read, 7812.000000, 7812, 7812, 7812, 7812
Seq_Read, 6970.000000, 6970, 6970, 6970, 6970
Seq_Read, 7403.000000, 7403, 7403, 7403, 7403
Seq_Read, 6797.000000, 6797, 6797, 6797, 6797
Seq_Read, 6709.000000, 6709, 6709, 6709, 6709
Seq_Read, 9564.000000, 9564, 9564, 9564, 9564
Seq_Read, 6682.000000, 6682, 6682, 6682, 6682
Seq_Read, 7339.000000, 7339, 7339, 7339, 7339
Seq_Read, 7570.000000, 7570, 7570, 7570, 7570
Seq_Read, 6221.000000, 6221, 6221, 6221, 6221
Seq_Read, 8894.000000, 8894, 8894, 8894, 8894
Seq_Read, 7609.000000, 7609, 7609, 7609, 7609
Seq_Read, 6473.000000, 6473, 6473, 6473, 6473
Seq_Read, 6818.000000, 6818, 6818, 6818, 6818
Seq_Read, 7834.000000, 7834, 7834, 7834, 7834
Seq_Read, 7603.000000, 7603, 7603, 7603, 7603
Seq_Read, 7045.000000, 7045, 7045, 7045, 7045
Seq_Read, 7309.000000, 7309, 7309, 7309, 7309
Seq_Read, 6412.000000, 6412, 6412, 6412, 6412
Seq_Read, 6345.000000, 6345, 6345, 6345, 6345
Seq_Read, 6431.000000, 6431, 6431, 6431, 6431
Seq_Read, 6321.000000, 6321, 6321, 6321, 6321
Seq_Read, 6476.000000, 6476, 6476, 6476, 6476
Seq_Read, 8433.000000, 8433, 8433, 8433, 8433
Seq_Read, 7370.000000, 7370, 7370, 7370, 7370
Seq_Read, 9361.000000, 9361, 9361, 9361, 9361
Seq_Read, 12306.000000, 12306, 12306, 12306, 12306
Seq_Read, 7409.000000, 7409, 7409, 7409, 7409
Seq_Read, 6627.000000, 6627, 6627, 6627, 6627
Seq_Read, 7600.000000, 7600, 7600, 7600, 7600
Seq_Read, 7076.000000, 7076, 7076, 7076, 7076
Seq_Read, 7075.000000, 7075, 7075, 7075, 7075
Seq_Read, 6415.000000, 6415, 6415, 6415, 6415
Seq_Read, 5606.000000, 5606, 5606, 5606, 5606
Seq_Read, 5955.000000, 5955, 5955, 5955, 5955
Seq_Read, 4812.000000, 4812, 4812, 4812, 4812
Seq_Read, 5218.000000, 5218, 5218, 5218, 5218
Seq_Read, 6531.000000, 6531, 6531, 6531, 6531
Seq_Read, 4852.000000, 4852, 4852, 4852, 4852
Seq_Read, 4973.000000, 4973, 4973, 4973, 4973
Seq_Read, 7451.000000, 7451, 7451, 7451, 7451
Seq_Read, 6991.000000, 6991, 6991, 6991, 6991
Seq_Read, 27623888.000000, 27623888, 27623888, 27623888, 27623888
Seq_Read, 80708309.000000, 80708309, 80708309, 80708309, 80708309
Seq_Read, 13087394.000000, 13087394, 13087394, 13087394, 13087394
Seq_Read, 7337.000000, 7337, 7337, 7337, 7337
Seq_Read, 188157700.000000, 188157700, 188157700, 188157700, 188157700
Seq_Read, 11860.000000, 11860, 11860, 11860, 11860
Seq_Read, 139005588.000000, 139005588, 139005588, 139005588, 139005588
Seq_Read, 10437990.000000, 10437990, 10437990, 10437990, 10437990
Seq_Read, 14666.000000, 14666, 14666, 14666, 14666
Seq_Read, 16742.000000, 16742, 16742, 16742, 16742
, 4339942
1401
Seq_Read, 19793660.000000, 19793660, 19793660, 19793660, 19793660
, 10279.000000, 10279, 10279, 10279, 10279
Seq_Read, 10912.000000, 10912, 10912, 10912, 10912
Seq_Read, 9870.000000, 9870, 9870, 9870, 9870
Seq_Read, 10182.000000, 10182, 10182, 10182, 10182
Seq_Read, 10124.000000, 10124, 10124, 10124, 10124
Seq_Read, 9163.000000, 9163, 9163, 9163, 9163
Seq_Read, 11324.000000, 11324, 11324, 11324, 11324
Seq_Read, 8649.000000, 8649, 8649, 8649, 8649
Seq_Read, 8964.000000, 8964, 8964, 8964, 8964
Seq_Read, 8740.000000, 8740, 8740, 8740, 8740
Seq_Read, 9542.000000, 9542, 9542, 9542, 9542
Seq_Read, 8433.000000, 8433, 8433, 8433, 8433
Seq_Read, 9464.000000, 9464, 9464, 9464, 9464
Seq_Read, 9954.000000, 9954, 9954, 9954, 9954
Seq_Read, 10940.000000, 10940, 10940, 10940, 10940
Seq_Read, 8970.000000, 8970, 8970, 8970, 8970
Seq_Read, 8924.000000, 8924, 8924, 8924, 8924
Seq_Read, 9867.000000, 9867, 9867, 9867, 9867
Seq_Read, 9667.000000, 9667, 9667, 9667, 9667
Seq_Read, 9055.000000, 9055, 9055, 9055, 9055
Seq_Read, 10730.000000, 10730, 10730, 10730, 10730
Seq_Read, 8142.000000, 8142, 8142, 8142, 8142
Seq_Read, 11667.000000, 11667, 11667, 11667, 11667
Seq_Read, 9763.000000, 9763, 9763, 9763, 9763
Seq_Read, 13615.000000, 13615, 13615, 13615, 13615
Seq_Read, 12431.000000, 12431, 12431, 12431, 12431
Seq_Read, 11391.000000, 11391, 11391, 11391, 11391
Seq_Read, 14148.000000, 14148, 14148, 14148, 14148
Seq_Read, 12421.000000, 12421, 12421, 12421, 12421
Seq_Read, 11848.000000, 11848, 11848, 11848, 11848
Seq_Read, 11709.000000, 11709, 11709, 11709, 11709
Seq_Read, 11667.000000, 11667, 11667, 11667, 11667
Seq_Read, 11736.000000, 11736, 11736, 11736, 11736
Seq_Read, 13173.000000, 13173, 13173, 13173, 13173
Seq_Read, 10397.000000, 10397, 10397, 10397, 10397
Seq_Read, 11127.000000, 11127, 11127, 11127, 11127
Seq_Read, 11949.000000, 11949, 11949, 11949, 11949
Seq_Read, 10309.000000, 10309, 10309, 10309, 10309
Seq_Read, 10616.000000, 10616, 10616, 10616, 10616
Seq_Read, 9088.000000, 9088, 9088, 9088, 9088
Seq_Read, 9766.000000, 9766, 9766, 9766, 9766
Seq_Read, 9748.000000, 9748, 9748, 9748, 9748
Seq_Read, 8191.000000, 8191, 8191, 8191, 8191
Seq_Read, 8660.000000, 8660, 8660, 8660, 8660
Seq_Read, 10224.000000, 10224, 10224, 10224, 10224
Seq_Read, 9730.000000, 9730, 9730, 9730, 9730
Seq_Read, 9739.000000, 9739, 9739, 9739, 9739
Seq_Read, 10700.000000, 10700, 10700, 10700, 10700
Seq_Read, 9682.000000, 9682, 9682, 9682, 9682
Seq_Read, 10578.000000, 10578, 10578, 10578, 10578
Seq_Read, 10185.000000, 10185, 10185, 10185, 10185
Seq_Read, 10830.000000, 10830, 10830, 10830, 10830
Seq_Read, 13073.000000, 13073, 13073, 13073, 13073
Seq_Read, 11415.000000, 11415, 11415, 11415, 11415
Seq_Read, 10666.000000, 10666, 10666, 10666, 10666
Seq_Read, 9946.000000, 9946, 9946, 9946, 9946
Seq_Read, 8740.000000, 8740, 8740, 8740, 8740
Seq_Read, 9570.000000, 9570, 9570, 9570, 9570
Seq_Read, 13624.000000, 13624, 13624, 13624, 13624
Seq_Read, 12203.000000, 12203, 12203, 12203, 12203
Seq_Read, 12406.000000, 12406, 12406, 12406, 12406
Seq_Read, 11403.000000, 11403, 11403, 11403, 11403
Seq_Read, 12085.000000, 12085, 12085, 12085, 12085
Seq_Read, 11809.000000, 11809, 11809, 11809, 11809
Seq_Read, 11794.000000, 11794, 11794, 11794, 11794
Seq_Read, 12997.000000, 12997, 12997, 12997, 12997
Seq_Read, 11788.000000, 11788, 11788, 11788, 11788
Seq_Read, 11257.000000, 11257, 11257, 11257, 11257
Seq_Read, 11121.000000, 11121, 11121, 11121, 11121
Seq_Read, 12203.000000, 12203, 12203, 12203, 12203
Seq_Read, 11558.000000, 11558, 11558, 11558, 11558
Seq_Read, 11961.000000, 11961, 11961, 11961, 11961
Seq_Read, 11112.000000, 11112, 11112, 11112, 11112
Seq_Read, 13230.000000, 13230, 13230, 13230, 13230
Seq_Read, 12055.000000, 12055, 12055, 12055, 12055
Seq_Read, 11436.000000, 11436, 11436, 11436, 11436
Seq_Read, 12224.000000, 12224, 12224, 12224, 12224
Seq_Read, 12663.000000, 12663, 12663, 12663, 12663
Seq_Read, 12785.000000, 12785, 12785, 12785, 12785
Seq_Read, 9594.000000, 9594, 9594, 9594, 9594
Seq_Read, 11360.000000, 11360, 11360, 11360, 11360
Seq_Read, 12867.000000, 12867, 12867, 12867, 12867
Seq_Read, 11345.000000, 11345, 11345, 11345, 11345
Seq_Read, 11791.000000, 11791, 11791, 11791, 11791
Seq_Read, 11112.000000, 11112, 11112, 11112, 11112
Seq_Read, 11691.000000, 11691, 11691, 11691, 11691
Seq_Read, 10903.000000, 10903, 10903, 10903, 10903
Seq_Read, 11627.000000, 11627, 11627, 11627, 11627
Seq_Read, 11146.000000, 11146, 11146, 11146, 11146
Seq_Read, 10006.000000, 10006, 10006, 10006, 10006
Seq_Read, 11209.000000, 11209, 11209, 11209, 11209
Seq_Read, 11294.000000, 11294, 11294, 11294, 11294
Seq_Read, 10133.000000, 10133, 10133, 10133, 10133
Seq_Read, 11624.000000, 11624, 11624, 11624, 11624
Seq_Read, 11912.000000, 11912, 11912, 11912, 11912
Seq_Read, 11960.000000, 11960, 11960, 11960, 11960
Seq_Read, 12233.000000, 12233, 12233, 12233, 12233
Seq_Read, 10885.000000, 10885, 10885, 10885, 10885
Seq_Read, 11846.000000, 11846, 11846, 11846, 11846
Seq_Read, 11770.000000, 11770, 11770, 11770, 11770
Seq_Read, 10479.000000, 10479, 10479, 10479, 10479
Seq_Read, 11894.000000, 11894, 11894, 11894, 11894
Seq_Read, 14324.000000, 14324, 14324, 14324, 14324
Seq_Read, 13055.000000, 13055, 13055, 13055, 13055
Seq_Read, 11594.000000, 11594, 11594, 11594, 11594
Seq_Read, 12522.000000, 12522, 12522, 12522, 12522
Seq_Read, 12245.000000, 12245, 12245, 12245, 12245
Seq_Read, 10939.000000, 10939, 10939, 10939, 10939
Seq_Read, 12033.000000, 12033, 12033, 12033, 12033
Seq_Read, 12818.000000, 12818, 12818, 12818, 12818
Seq_Read, 12203.000000, 12203, 12203, 12203, 12203
Seq_Read, 14018.000000, 14018, 14018, 14018, 14018
Seq_Read, 10767.000000, 10767, 10767, 10767, 10767
Seq_Read, 65702197.000000, 65702197, 65702197, 65702197, 65702197
Seq_Read, 69042721.000000, 69042721, 69042721, 69042721, 69042721
Seq_Read, 73215776.000000, 73215776, 73215776, 73215776, 73215776
4, 10164, 10164, 10164
Seq_Read, 12543.000000, 12543, 12543, 12543, 12543
Seq_Read, 13928.000000, 13928, 13928, 13928, 13928
Seq_Read, 11191.000000, 11191, 11191, 11191, 11191
Seq_Read, 13612.000000, 13612, 13612, 13612, 13612
Seq_Read, 13785.000000, 13785, 13785, 13785, 13785
Seq_Read, 13464.000000, 13464, 13464, 13464, 13464
Seq_Read, 10785.000000, 10785, 10785, 10785, 10785
Seq_Read, 12788.000000, 12788, 12788, 12788, 12788
Seq_Read, 11997.000000, 11997, 11997, 11997, 11997
Seq_Read, 11600.000000, 11600, 11600, 11600, 11600
Seq_Read, 11834.000000, 11834, 11834, 11834, 11834
Seq_Read, 12909.000000, 12909, 12909, 12909, 12909
Seq_Read, 12415.000000, 12415, 12415, 12415, 12415
Seq_Read, 11870.000000, 11870, 11870, 11870, 11870
Seq_Read, 12939.000000, 12939, 12939, 12939, 12939
Seq_Read, 14046.000000, 14046, 14046, 14046, 14046
Seq_Read, 12327.000000, 12327, 12327, 12327, 12327
Seq_Read, 13542.000000, 13542, 13542, 13542, 13542
Seq_Read, 12988.000000, 12988, 12988, 12988, 12988
Seq_Read, 13254.000000, 13254, 13254, 13254, 13254
Seq_Read, 12812.000000, 12812, 12812, 12812, 12812
Seq_Read, 14685.000000, 14685, 14685, 14685, 14685
Seq_Read, 13912.000000, 13912, 13912, 13912, 13912
Seq_Read, 12667.000000, 12667, 12667, 12667, 12667
Seq_Read, 12324.000000, 12324, 12324, 12324, 12324
Seq_Read, 13267.000000, 13267, 13267, 13267, 13267
Seq_Read, 11600.000000, 11600, 11600, 11600, 11600
Seq_Read, 11800.000000, 11800, 11800, 11800, 11800
Seq_Read, 14634.000000, 14634, 14634, 14634, 14634
Seq_Read, 12166.000000, 12166, 12166, 12166, 12166
Seq_Read, 10851.000000, 10851, 10851, 10851, 10851
Seq_Read, 10349.000000, 10349, 10349, 10349, 10349
Seq_Read, 11788.000000, 11788, 11788, 11788, 11788
Seq_Read, 11694.000000, 11694, 11694, 11694, 11694
Seq_Read, 12694.000000, 12694, 12694, 12694, 12694
Seq_Read, 10421.000000, 10421, 10421, 10421, 10421
Seq_Read, 13579.000000, 13579, 13579, 13579, 13579
Seq_Read, 10785.000000, 10785, 10785, 10785, 10785
Seq_Read, 11427.000000, 11427, 11427, 11427, 11427
Seq_Read, 12531.000000, 12531, 12531, 12531, 12531
Seq_Read, 10394.000000, 10394, 10394, 10394, 10394
Seq_Read, 10855.000000, 10855, 10855, 10855, 10855
Seq_Read, 10627.000000, 10627, 10627, 10627, 10627
Seq_Read, 12694.000000, 12694, 12694, 12694, 12694
Seq_Read, 10418.000000, 10418, 10418, 10418, 10418
Seq_Read, 9978.000000, 9978, 9978, 9978, 9978
Seq_Read, 10815.000000, 10815, 10815, 10815, 10815
Seq_Read, 10988.000000, 10988, 10988, 10988, 10988
Seq_Read, 12776.000000, 12776, 12776, 12776, 12776
Seq_Read, 13091.000000, 13091, 13091, 13091, 13091
Seq_Read, 11685.000000, 11685, 11685, 11685, 11685
Seq_Read, 12291.000000, 12291, 12291, 12291, 12291
Seq_Read, 13121.000000, 13121, 13121, 13121, 13121
Seq_Read, 13097.000000, 13097, 13097, 13097, 13097
Seq_Read, 13548.000000, 13548, 13548, 13548, 13548
Seq_Read, 12043.000000, 12043, 12043, 12043, 12043
Seq_Read, 11900.000000, 11900, 11900, 11900, 11900
Seq_Read, 10803.000000, 10803, 10803, 10803, 10803
Seq_Read, 13815.000000, 13815, 13815, 13815, 13815
Seq_Read, 11236.000000, 11236, 11236, 11236, 11236
Seq_Read, 14203.000000, 14203, 14203, 14203, 14203
Seq_Read, 12188.000000, 12188, 12188, 12188, 12188
Seq_Read, 14988.000000, 14988, 14988, 14988, 14988
Seq_Read, 15700.000000, 15700, 15700, 15700, 15700
Seq_Read, 13669.000000, 13669, 13669, 13669, 13669
Seq_Read, 12533.000000, 12533, 12533, 12533, 12533
Seq_Read, 25800.000000, 25800, 25800, 25800, 25800
Seq_Read, 32827.000000, 32827, 32827, 32827, 32827
Seq_Read, 41051.000000, 41051, 41051, 41051, 41051
Seq_Read, 113615.000000, 113615, 113615, 113615, 113615
Seq_Read, 38264.000000, 38264, 38264, 38264, 38264
Seq_Read, 42182.000000, 42182, 42182, 42182, 42182
Seq_Read, 41909.000000, 41909, 41909, 41909, 41909
Seq_Read, 41197.000000, 41197, 41197, 41197, 41197
Seq_Read, 41285.000000, 41285, 41285, 41285, 41285
Seq_Read, 18100.000000, 18100, 18100, 18100, 18100
Seq_Read, 14345.000000, 14345, 14345, 14345, 14345
Seq_Read, 14645.000000, 14645, 14645, 14645, 14645
Seq_Read, 14627.000000, 14627, 14627, 14627, 14627
Seq_Read, 11418.000000, 11418, 11418, 11418, 11418
Seq_Read, 10773.000000, 10773, 10773, 10773, 10773
Seq_Read, 12249.000000, 12249, 12249, 12249, 12249
Seq_Read, 10706.000000, 10706, 10706, 10706, 10706
Seq_Read, 15188.000000, 15188, 15188, 15188, 15188
Seq_Read, 13424.000000, 13424, 13424, 13424, 13424
Seq_Read, 12412.000000, 12412, 12412, 12412, 12412
Seq_Read, 9140.000000, 9140, 9140, 9140, 9140
Seq_Read, 10034.000000, 10034, 10034, 10034, 10034
Seq_Read, 9509.000000, 9509, 9509, 9509, 9509
Seq_Read, 11842.000000, 11842, 11842, 11842, 11842
Seq_Read, 10809.000000, 10809, 10809, 10809, 10809
Seq_Read, 9249.000000, 9249, 9249, 9249, 9249
Seq_Read, 10291.000000, 10291, 10291, 10291, 10291
Seq_Read, 10933.000000, 10933, 10933, 10933, 10933
Seq_Read, 11388.000000, 11388, 11388, 11388, 11388
Seq_Read, 12103.000000, 12103, 12103, 12103, 12103
Seq_Read, 11164.000000, 11164, 11164, 11164, 11164
Seq_Read, 9930.000000, 9930, 9930, 9930, 9930
Seq_Read, 9542.000000, 9542, 9542, 9542, 9542
Seq_Read, 11034.000000, 11034, 11034, 11034, 11034
Seq_Read, 8736.000000, 8736, 8736, 8736, 8736
Seq_Read, 11594.000000, 11594, 11594, 11594, 11594
Seq_Read, 10003.000000, 10003, 10003, 10003, 10003
Seq_Read, 11255.000000, 11255, 11255, 11255, 11255
Seq_Read, 9282.000000, 9282, 9282, 9282, 9282
Seq_Read, 10382.000000, 10382, 10382, 10382, 10382
Seq_Read, 10297.000000, 10297, 10297, 10297, 10297
Seq_Read, 9946.000000, 9946, 9946, 9946, 9946
Seq_Read, 9388.000000, 9388, 9388, 9388, 9388
Seq_Read, 10167.000000, 10167, 10167, 10167, 10167
Seq_Read, 15903.000000, 15903, 15903, 15903, 15903
Seq_Read, 11285.000000, 11285, 11285, 11285, 11285
Seq_Read, 10249.000000, 10249, 10249, 10249, 10249
Seq_Read, 10194.000000, 10194, 10194, 10194, 10194
Seq_Read, 10425.000000, 10425, 10425, 10425, 10425
Seq_Read, 10169.000000, 10169, 10169, 10169, 10169
Seq_Read, 9539.000000, 9539, 9539, 9539, 9539
Seq_Read, 10124.000000, 10124, 10124, 10124, 10124
Seq_Read, 10118.000000, 10118, 10118, 10118, 10118
Seq_Read, 9866.000000, 9866, 9866, 9866, 9866
Seq_Read, 11391.000000, 11391, 11391, 11391, 11391
Seq_Read, 10903.000000, 10903, 10903, 10903, 10903
Seq_Read, 8876.000000, 8876, 8876, 8876, 8876
Seq_Read, 9370.000000, 9370, 9370, 9370, 9370
Seq_Read, 10082.000000, 10082, 10082, 10082, 10082
Seq_Read, 9773.000000, 9773, 9773, 9773, 9773
Seq_Read, 10775.000000, 10775, 10775, 10775, 10775
Seq_Read, 10961.000000, 10961, 10961, 10961, 10961
Seq_Read, 10785.000000, 10785, 10785, 10785, 10785
Seq_Read, 10279.000000, 10279, 10279, 10279, 10279
Seq_Read, 10633.000000, 10633, 10633, 10633, 10633
Seq_Read, 10912.000000, 10912, 10912, 10912, 10912
Seq_Read, 10824.000000, 10824, 10824, 10824, 10824
Seq_Read, 11128.000000, 11128, 11128, 11128, 11128
Seq_Read, 11330.000000, 11330, 11330, 11330, 11330
Seq_Read, 21855.000000, 21855, 21855, 21855, 21855
Seq_Read, 10285.000000, 10285, 10285, 10285, 10285
Seq_Read, 20140.000000, 20140, 20140, 20140, 20140
Seq_Read, 10348.000000, 10348, 10348, 10348, 10348
Seq_Read, 13818.000000, 13818, 13818, 13818, 13818
Seq_Read, 9824.000000, 9824, 9824, 9824, 9824
Seq_Read, 10870.000000, 10870, 10870, 10870, 10870
Seq_Read, 9788.000000, 9788, 9788, 9788, 9788
Seq_Read, 11082.000000, 11082, 11082, 11082, 11082
Seq_Read, 10963.000000, 10963, 10963, 10963, 10963
Seq_Read, 9866.000000, 9866, 9866, 9866, 9866
Seq_Read, 9264.000000, 9264, 9264, 9264, 9264
Seq_Read, 10991.000000, 10991, 10991, 10991, 10991
Seq_Read, 9836.000000, 9836, 9836, 9836, 9836
Seq_Read, 9954.000000, 9954, 9954, 9954, 9954
Seq_Read, 9212.000000, 9212, 9212, 9212, 9212
Seq_Read, 9064.000000, 9064, 9064, 9064, 9064
Seq_Read, 9797.000000, 9797, 9797, 9797, 9797
Seq_Read, 10437.000000, 10437, 10437, 10437, 10437
Seq_Read, 9945.000000, 9945, 9945, 9945, 9945
Seq_Read, 9955.000000, 9955, 9955, 9955, 9955
Seq_Read, 9849.000000, 9849, 9849, 9849, 9849
Seq_Read, 9503.000000, 9503, 9503, 9503, 9503
Seq_Read, 9697.000000, 9697, 9697, 9697, 9697
Seq_Read, 9988.000000, 9988, 9988, 9988, 9988
Seq_Read, 11440.000000, 11440, 11440, 11440, 11440
Seq_Read, 8300.000000, 8300, 8300, 8300, 8300
Seq_Read, 10424.000000, 10424, 10424, 10424, 10424
Seq_Read, 10597.000000, 10597, 10597, 10597, 10597
Seq_Read, 9524.000000, 9524, 9524, 9524, 9524
Seq_Read, 11370.000000, 11370, 11370, 11370, 11370
Seq_Read, 10763.000000, 10763, 10763, 10763, 10763
Seq_Read, 9006.000000, 9006, 9006, 9006, 9006
Seq_Read, 10385.000000, 10385, 10385, 10385, 10385
Seq_Read, 9009.000000, 9009, 9009, 9009, 9009
Seq_Read, 15581.000000, 15581, 15581, 15581, 15581
Seq_Read, 10330.000000, 10330, 10330, 10330, 10330
Seq_Read, 13294.000000, 13294, 13294, 13294, 13294
Seq_Read, 12103.000000, 12103, 12103, 12103, 12103
Seq_Read, 12321.000000, 12321, 12321, 12321, 12321
Seq_Read, 14194.000000, 14194, 14194, 14194, 14194
Seq_Read, 12582.000000, 12582, 12582, 12582, 12582
Seq_Read, 12924.000000, 12924, 12924, 12924, 12924
Seq_Read, 13206.000000, 13206, 13206, 13206, 13206
Seq_Read, 11800.000000, 11800, 11800, 11800, 11800
Seq_Read, 12055.000000, 12055, 12055, 12055, 12055
Seq_Read, 9839.000000, 9839, 9839, 9839, 9839
Seq_Read, 11685.000000, 11685, 11685, 11685, 11685
Seq_Read, 12449.000000, 12449, 12449, 12449, 12449
Seq_Read, 14039.000000, 14039, 14039, 14039, 14039
Seq_Read, 16800.000000, 16800, 16800, 16800, 16800
Seq_Read, 12348.000000, 12348, 12348, 12348, 12348
Seq_Read, 14773.000000, 14773, 14773, 14773, 14773
Seq_Read, 11930.000000, 11930, 11930, 11930, 11930
Seq_Read, 12103.000000, 12103, 12103, 12103, 12103
Seq_Read, 12918.000000, 12918, 12918, 12918, 12918
Seq_Read, 12128.000000, 12128, 12128, 12128, 12128
Seq_Read, 14770.000000, 14770, 14770, 14770, 14770
Seq_Read, 12322.000000, 12322, 12322, 12322, 12322
Seq_Read, 11706.000000, 11706, 11706, 11706, 11706
Seq_Read, 12997.000000, 12997, 12997, 12997, 12997
Seq_Read, 11433.000000, 11433, 11433, 11433, 11433
Seq_Read, 10594.000000, 10594, 10594, 10594, 10594
Seq_Read, 11115.000000, 11115, 11115, 11115, 11115
Seq_Read, 10679.000000, 10679, 10679, 10679, 10679
Seq_Read, 10912.000000, 10912, 10912, 10912, 10912
Seq_Read, 9900.000000, 9900, 9900, 9900, 9900
Seq_Read, 10312.000000, 10312, 10312, 10312, 10312
Seq_Read, 9855.000000, 9855, 9855, 9855, 9855
Seq_Read, 10588.000000, 10588, 10588, 10588, 10588
Seq_Read, 10094.000000, 10094, 10094, 10094, 10094
Seq_Read, 10100.000000, 10100, 10100, 10100, 10100
Seq_Read, 10143.000000, 10143, 10143, 10143, 10143
Seq_Read, 16058.000000, 16058, 16058, 16058, 16058
Seq_Read, 10785.000000, 10785, 10785, 10785, 10785
Seq_Read, 230595242.000000, 230595242, 230595242, 230595242, 230595242
Seq_Read, 11588.000000, 11588, 11588, 11588, 11588
Seq_Read, 12640.000000, 12640, 12640, 12640, 12640
Seq_Read, 13733.000000, 13733, 13733, 13733, 13733
Seq_Read, 12706.000000, 12706, 12706, 12706, 12706
Seq_Read, 12185.000000, 12185, 12185, 12185, 12185
Seq_Read, 12409.000000, 12409, 12409, 12409, 12409
Seq_Read, 11061.000000, 11061, 11061, 11061, 11061
Seq_Read, 10621.000000, 10621, 10621, 10621, 10621
Seq_Read, 10712.000000, 10712, 10712, 10712, 10712
Seq_Read, 11612.000000, 11612, 11612, 11612, 11612
Seq_Read, 11658.000000, 11658, 11658, 11658, 11658
Seq_Read, 11515.000000, 11515, 11515, 11515, 11515
Seq_Read, 13691.000000, 13691, 13691, 13691, 13691
Seq_Read, 12176.000000, 12176, 12176, 12176, 12176
Seq_Read, 14348.000000, 14348, 14348, 14348, 14348
Seq_Read, 11073.000000, 11073, 11073, 11073, 11073
Seq_Read, 13370.000000, 13370, 13370, 13370, 13370
Seq_Read, 13588.000000, 13588, 13588, 13588, 13588
Seq_Read, 12549.000000, 12549, 12549, 12549, 12549
Seq_Read, 12145.000000, 12145, 12145, 12145, 12145
Seq_Read, 11503.000000, 11503, 11503, 11503, 11503
Seq_Read, 13667.000000, 13667, 13667, 13667, 13667
Seq_Read, 11352.000000, 11352, 11352, 11352, 11352
Seq_Read, 12815.000000, 12815, 12815, 12815, 12815
Seq_Read, 12773.000000, 12773, 12773, 12773, 12773
Seq_Read, 13391.000000, 13391, 13391, 13391, 13391
Seq_Read, 12846.000000, 12846, 12846, 12846, 12846
Seq_Read, 11403.000000, 11403, 11403, 11403, 11403
Seq_Read, 15164.000000, 15164, 15164, 15164, 15164
Seq_Read, 11364.000000, 11364, 11364, 11364, 11364
Seq_Read, 12573.000000, 12573, 12573, 12573, 12573
Seq_Read, 11751.000000, 11751, 11751, 11751, 11751
Seq_Read, 10776.000000, 10776, 10776, 10776, 10776
Seq_Read, 11333.000000, 11333, 11333, 11333, 11333
Seq_Read, 12042.000000, 12042, 12042, 12042, 12042
Seq_Read, 12642.000000, 12642, 12642, 12642, 12642
Seq_Read, 12545.000000, 12545, 12545, 12545, 12545
Seq_Read, 11639.000000, 11639, 11639, 11639, 11639
Seq_Read, 12179.000000, 12179, 12179, 12179, 12179
Seq_Read, 10500.000000, 10500, 10500, 10500, 10500
Seq_Read, 10309.000000, 10309, 10309, 10309, 10309
Seq_Read, 12151.000000, 12151, 12151, 12151, 12151
Seq_Read, 10533.000000, 10533, 10533, 10533, 10533
Seq_Read, 10943.000000, 10943, 10943, 10943, 10943
Seq_Read, 8306.000000, 8306, 8306, 8306, 8306
Seq_Read, 9485.000000, 9485, 9485, 9485, 9485
Seq_Read, 9309.000000, 9309, 9309, 9309, 9309
Seq_Read, 10909.000000, 10909, 10909, 10909, 10909
Seq_Read, 8791.000000, 8791, 8791, 8791, 8791
Seq_Read, 9357.000000, 9357, 9357, 9357, 9357
Seq_Read, 9512.000000, 9512, 9512, 9512, 9512
Seq_Read, 9033.000000, 9033, 9033, 9033, 9033
Seq_Read, 10031.000000, 10031, 10031, 10031, 10031
Seq_Read, 9906.000000, 9906, 9906, 9906, 9906
Seq_Read, 9524.000000, 9524, 9524, 9524, 9524
Seq_Read, 10652.000000, 10652, 10652, 10652, 10652
Seq_Read, 10558.000000, 10558, 10558, 10558, 10558
Seq_Read, 10036.000000, 10036, 10036, 10036, 10036
Seq_Read, 9615.000000, 9615, 9615, 9615, 9615
Seq_Read, 9491.000000, 9491, 9491, 9491, 9491
Seq_Read, 8264.000000, 8264, 8264, 8264, 8264
Seq_Read, 10182.000000, 10182, 10182, 10182, 10182
Seq_Read, 10542.000000, 10542, 10542, 10542, 10542
Seq_Read, 9058.000000, 9058, 9058, 9058, 9058
Seq_Read, 10118.000000, 10118, 10118, 10118, 10118
Seq_Read, 10682.000000, 10682, 10682, 10682, 10682
Seq_Read, 10685.000000, 10685, 10685, 10685, 10685
Seq_Read, 9497.000000, 9497, 9497, 9497, 9497
Seq_Read, 8651.000000, 8651, 8651, 8651, 8651
Seq_Read, 9542.000000, 9542, 9542, 9542, 9542
Seq_Read, 9527.000000, 9527, 9527, 9527, 9527
Seq_Read, 10015.000000, 10015, 10015, 10015, 10015
Seq_Read, 8739.000000, 8739, 8739, 8739, 8739
Seq_Read, 12237.000000, 12237, 12237, 12237, 12237
Seq_Read, 9067.000000, 9067, 9067, 9067, 9067
Seq_Read, 9612.000000, 9612, 9612, 9612, 9612
Seq_Read, 10506.000000, 10506, 10506, 10506, 10506
Seq_Read, 9867.000000, 9867, 9867, 9867, 9867
Seq_Read, 9470.000000, 9470, 9470, 9470, 9470
Seq_Read, 9867.000000, 9867, 9867, 9867, 9867
Seq_Read, 11176.000000, 11176, 11176, 11176, 11176
Seq_Read, 11039.000000, 11039, 11039, 11039, 11039
Seq_Read, 10194.000000, 10194, 10194, 10194, 10194
Seq_Read, 9361.000000, 9361, 9361, 9361, 9361
Seq_Read, 10470.000000, 10470, 10470, 10470, 10470
Seq_Read, 9103.000000, 9103, 9103, 9103, 9103
Seq_Read, 9649.000000, 9649, 9649, 9649, 9649
Seq_Read, 10000.000000, 10000, 10000, 10000, 10000
Seq_Read, 9251.000000, 9251, 9251, 9251, 9251
Seq_Read, 8888.000000, 8888, 8888, 8888, 8888
Seq_Read, 10455.000000, 10455, 10455, 10455, 10455
Seq_Read, 11342.000000, 11342, 11342, 11342, 11342
Seq_Read, 10945.000000, 10945, 10945, 10945, 10945
Seq_Read, 10297.000000, 10297, 10297, 10297, 10297
Seq_Read, 9966.000000, 9966, 9966, 9966, 9966
Seq_Read, 10049.000000, 10049, 10049, 10049, 10049
Seq_Read, 9197.000000, 9197, 9197, 9197, 9197
Seq_Read, 10260.000000, 10260, 10260, 10260, 10260
Seq_Read, 9588.000000, 9588, 9588, 9588, 9588
Seq_Read, 10003.000000, 10003, 10003, 10003, 10003
Seq_Read, 9361.000000, 9361, 9361, 9361, 9361
Seq_Read, 10769.000000, 10769, 10769, 10769, 10769
Seq_Read, 9312.000000, 9312, 9312, 9312, 9312
Seq_Read, 9415.000000, 9415, 9415, 9415, 9415
Seq_Read, 9060.000000, 9060, 9060, 9060, 9060
Seq_Read, 10997.000000, 10997, 10997, 10997, 10997
Seq_Read, 10652.000000, 10652, 10652, 10652, 10652
Seq_Read, 9679.000000, 9679, 9679, 9679, 9679
Seq_Read, 10146.000000, 10146, 10146, 10146, 10146
Seq_Read, 8982.000000, 8982, 8982, 8982, 8982
Seq_Read, 10346.000000, 10346, 10346, 10346, 10346
Seq_Read, 8985.000000, 8985, 8985, 8985, 8985
Seq_Read, 9419.000000, 9419, 9419, 9419, 9419
Seq_Read, 8879.000000, 8879, 8879, 8879, 8879
Seq_Read, 10091.000000, 10091, 10091, 10091, 10091
Seq_Read, 9152.000000, 9152, 9152, 9152, 9152
Seq_Read, 301418350.000000, 301418350, 301418350, 301418350, 301418350
Seq_Read, 272502535.000000, 272502535, 272502535, 272502535, 272502535
Seq_Read, 294157292.000000, 294157292, 294157292, 294157292, 294157292
Seq_Read, 285617862.000000, 285617862, 285617862, 285617862, 285617862
Seq_Read, 277063896.000000, 277063896, 277063896, 277063896, 277063896
Seq_Read, 305935987.000000, 305935987, 305935987, 305935987, 305935987
Seq_Read, 283661209.000000, 283661209, 283661209, 283661209, 283661209
Seq_Read, 300500780.000000, 300500780, 300500780, 300500780, 300500780
Seq_Read, 325561822.000000, 325561822, 325561822, 325561822, 325561822
Seq_Read, 69178293.000000, 69178293, 69178293, 69178293, 69178293
Seq_Read, 315406694.000000, 315406694, 315406694, 315406694, 315406694
Seq_Read, 44473788.000000, 44473788, 44473788, 44473788, 44473788
Seq_Read, 43284876.000000, 43284876, 43284876, 43284876, 43284876
Seq_Read, 82053626.000000, 82053626, 82053626, 82053626, 82053626
Seq_Read, 90648493.000000, 90648493, 90648493, 90648493, 90648493
Seq_Read, 46956843.000000, 46956843, 46956843, 46956843, 46956843
Seq_Read, 321846597.000000, 321846597, 321846597, 321846597, 321846597
Seq_Read, 86928590.000000, 86928590, 86928590, 86928590, 86928590
Seq_Read, 93092514.000000, 93092514, 93092514, 93092514, 93092514
Seq_Read, 48085194.000000, 48085194, 48085194, 48085194, 48085194
Seq_Read, 314181345.000000, 314181345, 314181345, 314181345, 314181345
Seq_Read, 190637487.000000, 190637487, 190637487, 190637487, 190637487
Seq_Read, 193708224.000000, 193708224, 193708224, 193708224, 193708224
Seq_Read, 168883142.000000, 168883142, 168883142, 168883142, 168883142
Seq_Read, 209372155.000000, 209372155, 209372155, 209372155, 209372155
Seq_Read, 49986439.000000, 49986439, 49986439, 49986439, 49986439
Seq_Read, 145364260.000000, 145364260, 145364260, 145364260, 145364260
Seq_Read, 115073594.000000, 115073594, 115073594, 115073594, 115073594
Seq_Read, 138287485.000000, 138287485, 138287485, 138287485, 138287485
Seq_Read, 12343.000000, 12343, 12343, 12343, 12343
Seq_Read, 276280912.000000, 276280912, 276280912, 276280912, 276280912
Seq_Read, 12043.000000, 12043, 12043, 12043, 12043
Seq_Read, 15133.000000, 15133, 15133, 15133, 15133
