Seq_Read, 17521.000000, 17521, 17521, 17521, 17521
Seq_Read, 15300.000000, 15300, 15300, 15300, 15300
Seq_Read, 17421.000000, 17421, 17421, 17421, 17421
Seq_Read, 15949.000000, 15949, 15949, 15949, 15949
Seq_Read, 11428.000000, 11428, 11428, 11428, 11428
Seq_Read, 14692.000000, 14692, 14692, 14692, 14692
Seq_Read, 12027.000000, 12027, 12027, 12027, 12027
Seq_Read, 7648.000000, 7648, 7648, 7648, 7648
Seq_Read, 12106.000000, 12106, 12106, 12106, 12106
Seq_Read, 6112.000000, 6112, 6112, 6112, 6112
Seq_Read, 7903.000000, 7903, 7903, 7903, 7903
Seq_Read, 7052.000000, 7052, 7052, 7052, 7052
Seq_Read, 7109.000000, 7109, 7109, 7109, 7109
Seq_Read, 6773.000000, 6773, 6773, 6773, 6773
Seq_Read, 6631.000000, 6631, 6631, 6631, 6631
Seq_Read, 6742.000000, 6742, 6742, 6742, 6742
Seq_Read, 7942.000000, 7942, 7942, 7942, 7942
Seq_Read, 7072.000000, 7072, 7072, 7072, 7072
Seq_Read, 7167.000000, 7167, 7167, 7167, 7167
Seq_Read, 7312.000000, 7312, 7312, 7312, 7312
Seq_Read, 6770.000000, 6770, 6770, 6770, 6770
Seq_Read, 7412.000000, 7412, 7412, 7412, 7412
Seq_Read, 7494.000000, 7494, 7494, 7494, 7494
Seq_Read, 6249.000000, 6249, 6249, 6249, 6249
Seq_Read, 6373.000000, 6373, 6373, 6373, 6373
Seq_Read, 11879.000000, 11879, 11879, 11879, 11879
Seq_Read, 9585.000000, 9585, 9585, 9585, 9585
Seq_Read, 23154.000000, 23154, 23154, 23154, 23154
Seq_Read, 16012.000000, 16012, 16012, 16012, 16012
Seq_Read, 27636.000000, 27636, 27636, 27636, 27636
Seq_Read, 17645.000000, 17645, 17645, 17645, 17645
Seq_Read, 6182.000000, 6182, 6182, 6182, 6182
Seq_Read, 5085.000000, 5085, 5085, 5085, 5085
Seq_Read, 7109.000000, 7109, 7109, 7109, 7109
Seq_Read, 7309.000000, 7309, 7309, 7309, 7309
Seq_Read, 6639.000000, 6639, 6639, 6639, 6639
Seq_Read, 7236.000000, 7236, 7236, 7236, 7236
Seq_Read, 6415.000000, 6415, 6415, 6415, 6415
Seq_Read, 6958.000000, 6958, 6958, 6958, 6958
Seq_Read, 6512.000000, 6512, 6512, 6512, 6512
Seq_Read, 5173.000000, 5173, 5173, 5173, 5173
Seq_Read, 6497.000000, 6497, 6497, 6497, 6497
Seq_Read, 3979.000000, 3979, 3979, 3979, 3979
Seq_Read, 4155.000000, 4155, 4155, 4155, 4155
Seq_Read, 4869.000000, 4869, 4869, 4869, 4869
Seq_Read, 4749.000000, 4749, 4749, 4749, 4749
Seq_Read, 6448.000000, 6448, 6448, 6448, 6448
Seq_Read, 6961.000000, 6961, 6961, 6961, 6961
Seq_Read, 7263.000000, 7263, 7263, 7263, 7263
Seq_Read, 6133.000000, 6133, 6133, 6133, 6133
Seq_Read, 8345.000000, 8345, 8345, 8345, 8345
Seq_Read, 7467.000000, 7467, 7467, 7467, 7467
Seq_Read, 12482.000000, 12482, 12482, 12482, 12482
Seq_Read, 17348.000000, 17348, 17348, 17348, 17348
Seq_Read, 12639.000000, 12639, 12639, 12639, 12639
Seq_Read, 19388.000000, 19388, 19388, 19388, 19388
Seq_Read, 15318.000000, 15318, 15318, 15318, 15318
Seq_Read, 18142.000000, 18142, 18142, 18142, 18142
Seq_Read, 16836.000000, 16836, 16836, 16836, 16836
Seq_Read, 12500.000000, 12500, 12500, 12500, 12500
Seq_Read, 11045.000000, 11045, 11045, 11045, 11045
Seq_Read, 10491.000000, 10491, 10491, 10491, 10491
Seq_Read, 7773.000000, 7773, 7773, 7773, 7773
Seq_Read, 8197.000000, 8197, 8197, 8197, 8197
Seq_Read, 5637.000000, 5637, 5637, 5637, 5637
Seq_Read, 5166.000000, 5166, 5166, 5166, 5166
Seq_Read, 5430.000000, 5430, 5430, 5430, 5430
Seq_Read, 5470.000000, 5470, 5470, 5470, 5470
Seq_Read, 6718.000000, 6718, 6718, 6718, 6718
Seq_Read, 4331.000000, 4331, 4331, 4331, 4331
Seq_Read, 5733.000000, 5733, 5733, 5733, 5733
Seq_Read, 5788.000000, 5788, 5788, 5788, 5788
Seq_Read, 6579.000000, 6579, 6579, 6579, 6579
Seq_Read, 5982.000000, 5982, 5982, 5982, 5982
Seq_Read, 7261.000000, 7261, 7261, 7261, 7261
Seq_Read, 6185.000000, 6185, 6185, 6185, 6185
Seq_Read, 6494.000000, 6494, 6494, 6494, 6494
Seq_Read, 7982.000000, 7982, 7982, 7982, 7982
Seq_Read, 6191.000000, 6191, 6191, 6191, 6191
Seq_Read, 6991.000000, 6991, 6991, 6991, 6991
Seq_Read, 8269.000000, 8269, 8269, 8269, 8269
Seq_Read, 7303.000000, 7303, 7303, 7303, 7303
Seq_Read, 6676.000000, 6676, 6676, 6676, 6676
Seq_Read, 6424.000000, 6424, 6424, 6424, 6424
Seq_Read, 6294.000000, 6294, 6294, 6294, 6294
Seq_Read, 7115.000000, 7115, 7115, 7115, 7115
Seq_Read, 7291.000000, 7291, 7291, 7291, 7291
Seq_Read, 6391.000000, 6391, 6391, 6391, 6391
Seq_Read, 7176.000000, 7176, 7176, 7176, 7176
Seq_Read, 6557.000000, 6557, 6557, 6557, 6557
Seq_Read, 7763.000000, 7763, 7763, 7763, 7763
Seq_Read, 7100.000000, 7100, 7100, 7100, 7100
Seq_Read, 7358.000000, 7358, 7358, 7358, 7358
Seq_Read, 6194.000000, 6194, 6194, 6194, 6194
Seq_Read, 9643.000000, 9643, 9643, 9643, 9643
Seq_Read, 6779.000000, 6779, 6779, 6779, 6779
Seq_Read, 7151.000000, 7151, 7151, 7151, 7151
Seq_Read, 7358.000000, 7358, 7358, 7358, 7358
Seq_Read, 6800.000000, 6800, 6800, 6800, 6800
Seq_Read, 6654.000000, 6654, 6654, 6654, 6654
Seq_Read, 6367.000000, 6367, 6367, 6367, 6367
Seq_Read, 7897.000000, 7897, 7897, 7897, 7897
Seq_Read, 6891.000000, 6891, 6891, 6891, 6891
Seq_Read, 8482.000000, 8482, 8482, 8482, 8482
Seq_Read, 8503.000000, 8503, 8503, 8503, 8503
Seq_Read, 5118.000000, 5118, 5118, 5118, 5118
Seq_Read, 5564.000000, 5564, 5564, 5564, 5564
Seq_Read, 39994330.000000, 39994330, 39994330, 39994330, 39994330
Seq_Read, 9088.000000, 9088, 9088, 9088, 9088
Seq_Read, 6036.000000, 6036, 6036, 6036, 6036
Seq_Read, 5415.000000, 5415, 5415, 5415, 5415
Seq_Read, 7024.000000, 7024, 7024, 7024, 7024
Seq_Read, 7551.000000, 7551, 7551, 7551, 7551
Seq_Read, 5461.000000, 5461, 5461, 5461, 5461
Seq_Read, 5079.000000, 5079, 5079, 5079, 5079
Seq_Read, 4791.000000, 4791, 4791, 4791, 4791
Seq_Read, 4721.000000, 4721, 4721, 4721, 4721
Seq_Read, 5300.000000, 5300, 5300, 5300, 5300
Seq_Read, 4788.000000, 4788, 4788, 4788, 4788
Seq_Read, 5403.000000, 5403, 5403, 5403, 5403
Seq_Read, 4800.000000, 4800, 4800, 4800, 4800
Seq_Read, 4473.000000, 4473, 4473, 4473, 4473
Seq_Read, 5045.000000, 5045, 5045, 5045, 5045
Seq_Read, 5031.000000, 5031, 5031, 5031, 5031
Seq_Read, 6960.000000, 6960, 6960, 6960, 6960
Seq_Read, 7227.000000, 7227, 7227, 7227, 7227
Seq_Read, 6294.000000, 6294, 6294, 6294, 6294
Seq_Read, 6769.000000, 6769, 6769, 6769, 6769
Seq_Read, 6664.000000, 6664, 6664, 6664, 6664
Seq_Read, 8078.000000, 8078, 8078, 8078, 8078
Seq_Read, 6376.000000, 6376, 6376, 6376, 6376
Seq_Read, 7803.000000, 7803, 7803, 7803, 7803
Seq_Read, 6509.000000, 6509, 6509, 6509, 6509
Seq_Read, 5294.000000, 5294, 5294, 5294, 5294
Seq_Read, 7409.000000, 7409, 7409, 7409, 7409
Seq_Read, 6506.000000, 6506, 6506, 6506, 6506
Seq_Read, 6900.000000, 6900, 6900, 6900, 6900
Seq_Read, 6479.000000, 6479, 6479, 6479, 6479
Seq_Read, 6612.000000, 6612, 6612, 6612, 6612
Seq_Read, 6779.000000, 6779, 6779, 6779, 6779
Seq_Read, 7539.000000, 7539, 7539, 7539, 7539
Seq_Read, 7155.000000, 7155, 7155, 7155, 7155
Seq_Read, 6742.000000, 6742, 6742, 6742, 6742
Seq_Read, 7609.000000, 7609, 7609, 7609, 7609
Seq_Read, 6445.000000, 6445, 6445, 6445, 6445
Seq_Read, 7006.000000, 7006, 7006, 7006, 7006
Seq_Read, 6485.000000, 6485, 6485, 6485, 6485
Seq_Read, 7394.000000, 7394, 7394, 7394, 7394
Seq_Read, 7127.000000, 7127, 7127, 7127, 7127
Seq_Read, 7715.000000, 7715, 7715, 7715, 7715
Seq_Read, 8328.000000, 8328, 8328, 8328, 8328
Seq_Read, 7273.000000, 7273, 7273, 7273, 7273
Seq_Read, 7757.000000, 7757, 7757, 7757, 7757
Seq_Read, 7243.000000, 7243, 7243, 7243, 7243
Seq_Read, 6661.000000, 6661, 6661, 6661, 6661
Seq_Read, 7803.000000, 7803, 7803, 7803, 7803
Seq_Read, 6606.000000, 6606, 6606, 6606, 6606
Seq_Read, 7991.000000, 7991, 7991, 7991, 7991
Seq_Read, 7158.000000, 7158, 7158, 7158, 7158
Seq_Read, 6891.000000, 6891, 6891, 6891, 6891
Seq_Read, 7845.000000, 7845, 7845, 7845, 7845
Seq_Read, 7091.000000, 7091, 7091, 7091, 7091
Seq_Read, 6567.000000, 6567, 6567, 6567, 6567
Seq_Read, 7179.000000, 7179, 7179, 7179, 7179
Seq_Read, 6794.000000, 6794, 6794, 6794, 6794
Seq_Read, 8478.000000, 8478, 8478, 8478, 8478
Seq_Read, 7666.000000, 7666, 7666, 7666, 7666
Seq_Read, 7539.000000, 7539, 7539, 7539, 7539
Seq_Read, 6440.000000, 6440, 6440, 6440, 6440
Seq_Read, 7221.000000, 7221, 7221, 7221, 7221
Seq_Read, 6767.000000, 6767, 6767, 6767, 6767
Seq_Read, 6864.000000, 6864, 6864, 6864, 6864
Seq_Read, 7085.000000, 7085, 7085, 7085, 7085
Seq_Read, 7276.000000, 7276, 7276, 7276, 7276
Seq_Read, 6809.000000, 6809, 6809, 6809, 6809
Seq_Read, 6130.000000, 6130, 6130, 6130, 6130
Seq_Read, 6470.000000, 6470, 6470, 6470, 6470
Seq_Read, 6700.000000, 6700, 6700, 6700, 6700
Seq_Read, 7091.000000, 7091, 7091, 7091, 7091
Seq_Read, 6939.000000, 6939, 6939, 6939, 6939
Seq_Read, 6497.000000, 6497, 6497, 6497, 6497
Seq_Read, 7952.000000, 7952, 7952, 7952, 7952
Seq_Read, 6112.000000, 6112, 6112, 6112, 6112
Seq_Read, 8218.000000, 8218, 8218, 8218, 8218
Seq_Read, 7161.000000, 7161, 7161, 7161, 7161
Seq_Read, 6409.000000, 6409, 6409, 6409, 6409
Seq_Read, 6839.000000, 6839, 6839, 6839, 6839
Seq_Read, 5088.000000, 5088, 5088, 5088, 5088
Seq_Read, 5830.000000, 5830, 5830, 5830, 5830
Seq_Read, 4718.000000, 4718, 4718, 4718, 4718
Seq_Read, 4664.000000, 4664, 4664, 4664, 4664
Seq_Read, 4452.000000, 4452, 4452, 4452, 4452
Seq_Read, 6600.000000, 6600, 6600, 6600, 6600
Seq_Read, 4952.000000, 4952, 4952, 4952, 4952
Seq_Read, 7664.000000, 7664, 7664, 7664, 7664
Seq_Read, 6930.000000, 6930, 6930, 6930, 6930
Seq_Read, 6927.000000, 6927, 6927, 6927, 6927
Seq_Read, 6745.000000, 6745, 6745, 6745, 6745
Seq_Read, 5536.000000, 5536, 5536, 5536, 5536
Seq_Read, 4646.000000, 4646, 4646, 4646, 4646
Seq_Read, 6206.000000, 6206, 6206, 6206, 6206
Seq_Read, 6691.000000, 6691, 6691, 6691, 6691
Seq_Read, 6663.000000, 6663, 6663, 6663, 6663
Seq_Read, 6706.000000, 6706, 6706, 6706, 6706
Seq_Read, 6964.000000, 6964, 6964, 6964, 6964
Seq_Read, 7321.000000, 7321, 7321, 7321, 7321
Seq_Read, 8909.000000, 8909, 8909, 8909, 8909
Seq_Read, 7273.000000, 7273, 7273, 7273, 7273
Seq_Read, 5688.000000, 5688, 5688, 5688, 5688
Seq_Read, 4797.000000, 4797, 4797, 4797, 4797
Seq_Read, 5052.000000, 5052, 5052, 5052, 5052
Seq_Read, 6376.000000, 6376, 6376, 6376, 6376
Seq_Read, 7306.000000, 7306, 7306, 7306, 7306
Seq_Read, 6694.000000, 6694, 6694, 6694, 6694
Seq_Read, 7106.000000, 7106, 7106, 7106, 7106
Seq_Read, 6082.000000, 6082, 6082, 6082, 6082
Seq_Read, 6606.000000, 6606, 6606, 6606, 6606
Seq_Read, 11776.000000, 11776, 11776, 11776, 11776
Seq_Read, 11215.000000, 11215, 11215, 11215, 11215
Seq_Read, 11552.000000, 11552, 11552, 11552, 11552
Seq_Read, 10736.000000, 10736, 10736, 10736, 10736
Seq_Read, 7836.000000, 7836, 7836, 7836, 7836
Seq_Read, 37760191.000000, 37760191, 37760191, 37760191, 37760191
Seq_Read, 7128.000000, 7128, 7128, 7128, 7128
Seq_Read, 34049664.000000, 34049664, 34049664, 34049664, 34049664
Seq_Read, 7079.000000, 7079, 7079, 7079, 7079
Seq_Read, 7373.000000, 7373, 7373, 7373, 7373
Seq_Read, 20853118.000000, 20853118, 20853118, 20853118, 20853118
Seq_Read, 12104461.000000, 12104461, 12104461, 12104461, 12104461
Seq_Read, 7433.000000, 7433, 7433, 7433, 7433
Seq_Read, 7300.000000, 7300, 7300, 7300, 7300
Seq_Read, 8776.000000, 8776, 8776, 8776, 8776
Seq_Read, 6855.000000, 6855, 6855, 6855, 6855
Seq_Read, 6870.000000, 6870, 6870, 6870, 6870
Seq_Read, 45838503.000000, 45838503, 45838503, 45838503, 45838503
Seq_Read, 11791.000000, 11791, 11791, 11791, 11791
Seq_Read, 7621.000000, 7621, 7621, 7621, 7621
Seq_Read, 6319.000000, 6319, 6319, 6319, 6319
Seq_Read, 6091.000000, 6091, 6091, 6091, 6091
Seq_Read, 6354.000000, 6354, 6354, 6354, 6354
Seq_Read, 5933.000000, 5933, 5933, 5933, 5933
Seq_Read, 5733.000000, 5733, 5733, 5733, 5733
Seq_Read, 5400.000000, 5400, 5400, 5400, 5400
Seq_Read, 5836.000000, 5836, 5836, 5836, 5836
Seq_Read, 5746.000000, 5746, 5746, 5746, 5746
Seq_Read, 5791.000000, 5791, 5791, 5791, 5791
Seq_Read, 4876.000000, 4876, 4876, 4876, 4876
Seq_Read, 5394.000000, 5394, 5394, 5394, 5394
Seq_Read, 5591.000000, 5591, 5591, 5591, 5591
Seq_Read, 5409.000000, 5409, 5409, 5409, 5409
Seq_Read, 6121.000000, 6121, 6121, 6121, 6121
Seq_Read, 5300.000000, 5300, 5300, 5300, 5300
Seq_Read, 5261.000000, 5261, 5261, 5261, 5261
Seq_Read, 5306.000000, 5306, 5306, 5306, 5306
Seq_Read, 6412.000000, 6412, 6412, 6412, 6412
Seq_Read, 6822.000000, 6822, 6822, 6822, 6822
Seq_Read, 5379.000000, 5379, 5379, 5379, 5379
Seq_Read, 5382.000000, 5382, 5382, 5382, 5382
Seq_Read, 5260.000000, 5260, 5260, 5260, 5260
Seq_Read, 5515.000000, 5515, 5515, 5515, 5515
Seq_Read, 5034.000000, 5034, 5034, 5034, 5034
Seq_Read, 6315.000000, 6315, 6315, 6315, 6315
Seq_Read, 6203.000000, 6203, 6203, 6203, 6203
Seq_Read, 5488.000000, 5488, 5488, 5488, 5488
Seq_Read, 6067.000000, 6067, 6067, 6067, 6067
Seq_Read, 5058.000000, 5058, 5058, 5058, 5058
Seq_Read, 5079.000000, 5079, 5079, 5079, 5079
Seq_Read, 5930.000000, 5930, 5930, 5930, 5930
Seq_Read, 5073.000000, 5073, 5073, 5073, 5073
Seq_Read, 7573.000000, 7573, 7573, 7573, 7573
Seq_Read, 7212.000000, 7212, 7212, 7212, 7212
Seq_Read, 6261.000000, 6261, 6261, 6261, 6261
Seq_Read, 5794.000000, 5794, 5794, 5794, 5794
Seq_Read, 6621.000000, 6621, 6621, 6621, 6621
Seq_Read, 6973.000000, 6973, 6973, 6973, 6973
Seq_Read, 6839.000000, 6839, 6839, 6839, 6839
Seq_Read, 7370.000000, 7370, 7370, 7370, 7370
Seq_Read, 7145.000000, 7145, 7145, 7145, 7145
Seq_Read, 6354.000000, 6354, 6354, 6354, 6354
Seq_Read, 6379.000000, 6379, 6379, 6379, 6379
Seq_Read, 6267.000000, 6267, 6267, 6267, 6267
Seq_Read, 7573.000000, 7573, 7573, 7573, 7573
Seq_Read, 8130.000000, 8130, 8130, 8130, 8130
Seq_Read, 8282.000000, 8282, 8282, 8282, 8282
Seq_Read, 6870.000000, 6870, 6870, 6870, 6870
Seq_Read, 7627.000000, 7627, 7627, 7627, 7627
Seq_Read, 7779.000000, 7779, 7779, 7779, 7779
Seq_Read, 5803.000000, 5803, 5803, 5803, 5803
Seq_Read, 8364.000000, 8364, 8364, 8364, 8364
Seq_Read, 6803.000000, 6803, 6803, 6803, 6803
Seq_Read, 6052.000000, 6052, 6052, 6052, 6052
Seq_Read, 6833.000000, 6833, 6833, 6833, 6833
Seq_Read, 5927.000000, 5927, 5927, 5927, 5927
Seq_Read, 7646.000000, 7646, 7646, 7646, 7646
Seq_Read, 6300.000000, 6300, 6300, 6300, 6300
Seq_Read, 7355.000000, 7355, 7355, 7355, 7355
Seq_Read, 6225.000000, 6225, 6225, 6225, 6225
Seq_Read, 7531.000000, 7531, 7531, 7531, 7531
Seq_Read, 6967.000000, 6967, 6967, 6967, 6967
Seq_Read, 7764.000000, 7764, 7764, 7764, 7764
Seq_Read, 6664.000000, 6664, 6664, 6664, 6664
Seq_Read, 7518.000000, 7518, 7518, 7518, 7518
Seq_Read, 5906.000000, 5906, 5906, 5906, 5906
Seq_Read, 7854.000000, 7854, 7854, 7854, 7854
Seq_Read, 6154.000000, 6154, 6154, 6154, 6154
Seq_Read, 6030.000000, 6030, 6030, 6030, 6030
Seq_Read, 6603.000000, 6603, 6603, 6603, 6603
Seq_Read, 7182.000000, 7182, 7182, 7182, 7182
Seq_Read, 6824.000000, 6824, 6824, 6824, 6824
Seq_Read, 6979.000000, 6979, 6979, 6979, 6979
Seq_Read, 8330.000000, 8330, 8330, 8330, 8330
Seq_Read, 5972.000000, 5972, 5972, 5972, 5972
Seq_Read, 6533.000000, 6533, 6533, 6533, 6533
Seq_Read, 7906.000000, 7906, 7906, 7906, 7906
Seq_Read, 6721.000000, 6721, 6721, 6721, 6721
Seq_Read, 7197.000000, 7197, 7197, 7197, 7197
Seq_Read, 6385.000000, 6385, 6385, 6385, 6385
Seq_Read, 6655.000000, 6655, 6655, 6655, 6655
Seq_Read, 6285.000000, 6285, 6285, 6285, 6285
Seq_Read, 7188.000000, 7188, 7188, 7188, 7188
Seq_Read, 7364.000000, 7364, 7364, 7364, 7364
Seq_Read, 6794.000000, 6794, 6794, 6794, 6794
Seq_Read, 7764.000000, 7764, 7764, 7764, 7764
Seq_Read, 7082.000000, 7082, 7082, 7082, 7082
Seq_Read, 7561.000000, 7561, 7561, 7561, 7561
Seq_Read, 6960.000000, 6960, 6960, 6960, 6960
Seq_Read, 8176.000000, 8176, 8176, 8176, 8176
Seq_Read, 8497.000000, 8497, 8497, 8497, 8497
Seq_Read, 7706.000000, 7706, 7706, 7706, 7706
Seq_Read, 6464.000000, 6464, 6464, 6464, 6464
Seq_Read, 8051.000000, 8051, 8051, 8051, 8051
Seq_Read, 6942.000000, 6942, 6942, 6942, 6942
Seq_Read, 7427.000000, 7427, 7427, 7427, 7427
Seq_Read, 6382.000000, 6382, 6382, 6382, 6382
Seq_Read, 7085.000000, 7085, 7085, 7085, 7085
Seq_Read, 6706.000000, 6706, 6706, 6706, 6706
Seq_Read, 6449.000000, 6449, 6449, 6449, 6449
Seq_Read, 5988.000000, 5988, 5988, 5988, 5988
Seq_Read, 6360.000000, 6360, 6360, 6360, 6360
Seq_Read, 9097.000000, 9097, 9097, 9097, 9097
Seq_Read, 7546.000000, 7546, 7546, 7546, 7546
Seq_Read, 6149.000000, 6149, 6149, 6149, 6149
Seq_Read, 7367.000000, 7367, 7367, 7367, 7367
Seq_Read, 9061.000000, 9061, 9061, 9061, 9061
Seq_Read, 6845.000000, 6845, 6845, 6845, 6845
Seq_Read, 7021.000000, 7021, 7021, 7021, 7021
Seq_Read, 7091.000000, 7091, 7091, 7091, 7091
Seq_Read, 6660.000000, 6660, 6660, 6660, 6660
Seq_Read, 8194.000000, 8194, 8194, 8194, 8194
Seq_Read, 6073.000000, 6073, 6073, 6073, 6073
Seq_Read, 8427.000000, 8427, 8427, 8427, 8427
Seq_Read, 7643.000000, 7643, 7643, 7643, 7643
Seq_Read, 6785.000000, 6785, 6785, 6785, 6785
Seq_Read, 367649223.000000, 367649223, 367649223, 367649223, 367649223
Seq_Read, 10418.000000, 10418, 10418, 10418, 10418
Seq_Read, 12715.000000, 12715, 12715, 12715, 12715
Seq_Read, 5176.000000, 5176, 5176, 5176, 5176
Seq_Read, 11212.000000, 11212, 11212, 11212, 11212
Seq_Read, 9161.000000, 9161, 9161, 9161, 9161
Seq_Read, 7630.000000, 7630, 7630, 7630, 7630
Seq_Read, 5888.000000, 5888, 5888, 5888, 5888
Seq_Read, 5709.000000, 5709, 5709, 5709, 5709
Seq_Read, 5309.000000, 5309, 5309, 5309, 5309
Seq_Read, 5946.000000, 5946, 5946, 5946, 5946
Seq_Read, 5670.000000, 5670, 5670, 5670, 5670
Seq_Read, 4694.000000, 4694, 4694, 4694, 4694
Seq_Read, 5933.000000, 5933, 5933, 5933, 5933
Seq_Read, 5821.000000, 5821, 5821, 5821, 5821
Seq_Read, 5315.000000, 5315, 5315, 5315, 5315
Seq_Read, 5370.000000, 5370, 5370, 5370, 5370
Seq_Read, 5764.000000, 5764, 5764, 5764, 5764
Seq_Read, 5627.000000, 5627, 5627, 5627, 5627
Seq_Read, 6418.000000, 6418, 6418, 6418, 6418
Seq_Read, 7449.000000, 7449, 7449, 7449, 7449
Seq_Read, 7603.000000, 7603, 7603, 7603, 7603
Seq_Read, 7488.000000, 7488, 7488, 7488, 7488
Seq_Read, 8181.000000, 8181, 8181, 8181, 8181
Seq_Read, 7443.000000, 7443, 7443, 7443, 7443
Seq_Read, 7351.000000, 7351, 7351, 7351, 7351
Seq_Read, 7788.000000, 7788, 7788, 7788, 7788
Seq_Read, 5697.000000, 5697, 5697, 5697, 5697
Seq_Read, 5461.000000, 5461, 5461, 5461, 5461
Seq_Read, 5379.000000, 5379, 5379, 5379, 5379
Seq_Read, 5315.000000, 5315, 5315, 5315, 5315
Seq_Read, 5382.000000, 5382, 5382, 5382, 5382
Seq_Read, 5258.000000, 5258, 5258, 5258, 5258
Seq_Read, 6382.000000, 6382, 6382, 6382, 6382
Seq_Read, 5034.000000, 5034, 5034, 5034, 5034
Seq_Read, 4640.000000, 4640, 4640, 4640, 4640
Seq_Read, 5724.000000, 5724, 5724, 5724, 5724
Seq_Read, 6128.000000, 6128, 6128, 6128, 6128
Seq_Read, 5336.000000, 5336, 5336, 5336, 5336
Seq_Read, 5958.000000, 5958, 5958, 5958, 5958
Seq_Read, 6333.000000, 6333, 6333, 6333, 6333
Seq_Read, 6209.000000, 6209, 6209, 6209, 6209
Seq_Read, 5460.000000, 5460, 5460, 5460, 5460
Seq_Read, 5724.000000, 5724, 5724, 5724, 5724
Seq_Read, 5406.000000, 5406, 5406, 5406, 5406
Seq_Read, 5225.000000, 5225, 5225, 5225, 5225
Seq_Read, 6334.000000, 6334, 6334, 6334, 6334
Seq_Read, 5494.000000, 5494, 5494, 5494, 5494
Seq_Read, 6494.000000, 6494, 6494, 6494, 6494
Seq_Read, 5488.000000, 5488, 5488, 5488, 5488
Seq_Read, 6930.000000, 6930, 6930, 6930, 6930
Seq_Read, 4667.000000, 4667, 4667, 4667, 4667
Seq_Read, 7197.000000, 7197, 7197, 7197, 7197
Seq_Read, 9655.000000, 9655, 9655, 9655, 9655
Seq_Read, 9173.000000, 9173, 9173, 9173, 9173
Seq_Read, 9360.000000, 9360, 9360, 9360, 9360
Seq_Read, 7824.000000, 7824, 7824, 7824, 7824
Seq_Read, 8709.000000, 8709, 8709, 8709, 8709
Seq_Read, 5555.000000, 5555, 5555, 5555, 5555
Seq_Read, 5452.000000, 5452, 5452, 5452, 5452
Seq_Read, 5936.000000, 5936, 5936, 5936, 5936
Seq_Read, 6324.000000, 6324, 6324, 6324, 6324
Seq_Read, 5003.000000, 5003, 5003, 5003, 5003
Seq_Read, 6582.000000, 6582, 6582, 6582, 6582
Seq_Read, 5394.000000, 5394, 5394, 5394, 5394
Seq_Read, 5997.000000, 5997, 5997, 5997, 5997
Seq_Read, 5673.000000, 5673, 5673, 5673, 5673
Seq_Read, 6254.000000, 6254, 6254, 6254, 6254
Seq_Read, 7394.000000, 7394, 7394, 7394, 7394
Seq_Read, 5761.000000, 5761, 5761, 5761, 5761
Seq_Read, 6112.000000, 6112, 6112, 6112, 6112
Seq_Read, 5285.000000, 5285, 5285, 5285, 5285
Seq_Read, 5185.000000, 5185, 5185, 5185, 5185
Seq_Read, 5679.000000, 5679, 5679, 5679, 5679
Seq_Read, 5615.000000, 5615, 5615, 5615, 5615
Seq_Read, 5521.000000, 5521, 5521, 5521, 5521
Seq_Read, 5379.000000, 5379, 5379, 5379, 5379
Seq_Read, 5597.000000, 5597, 5597, 5597, 5597
Seq_Read, 5069.000000, 5069, 5069, 5069, 5069
Seq_Read, 5667.000000, 5667, 5667, 5667, 5667
Seq_Read, 6373.000000, 6373, 6373, 6373, 6373
Seq_Read, 5285.000000, 5285, 5285, 5285, 5285
Seq_Read, 6421.000000, 6421, 6421, 6421, 6421
Seq_Read, 5228.000000, 5228, 5228, 5228, 5228
Seq_Read, 7779.000000, 7779, 7779, 7779, 7779
Seq_Read, 5279.000000, 5279, 5279, 5279, 5279
Seq_Read, 5658.000000, 5658, 5658, 5658, 5658
Seq_Read, 8845.000000, 8845, 8845, 8845, 8845
Seq_Read, 7745.000000, 7745, 7745, 7745, 7745
Seq_Read, 8363.000000, 8363, 8363, 8363, 8363
Seq_Read, 6591.000000, 6591, 6591, 6591, 6591
Seq_Read, 6085.000000, 6085, 6085, 6085, 6085
Seq_Read, 5466.000000, 5466, 5466, 5466, 5466
Seq_Read, 5721.000000, 5721, 5721, 5721, 5721
Seq_Read, 6369.000000, 6369, 6369, 6369, 6369
Seq_Read, 6697.000000, 6697, 6697, 6697, 6697
Seq_Read, 6149.000000, 6149, 6149, 6149, 6149
Seq_Read, 5494.000000, 5494, 5494, 5494, 5494
Seq_Read, 6518.000000, 6518, 6518, 6518, 6518
Seq_Read, 6182.000000, 6182, 6182, 6182, 6182
Seq_Read, 7533.000000, 7533, 7533, 7533, 7533
Seq_Read, 6163.000000, 6163, 6163, 6163, 6163
Seq_Read, 5400.000000, 5400, 5400, 5400, 5400
Seq_Read, 8033.000000, 8033, 8033, 8033, 8033
Seq_Read, 7324.000000, 7324, 7324, 7324, 7324
Seq_Read, 8600.000000, 8600, 8600, 8600, 8600
Seq_Read, 5433.000000, 5433, 5433, 5433, 5433
Seq_Read, 6330.000000, 6330, 6330, 6330, 6330
Seq_Read, 5867.000000, 5867, 5867, 5867, 5867
Seq_Read, 6231.000000, 6231, 6231, 6231, 6231
Seq_Read, 5376.000000, 5376, 5376, 5376, 5376
Seq_Read, 5085.000000, 5085, 5085, 5085, 5085
Seq_Read, 5382.000000, 5382, 5382, 5382, 5382
Seq_Read, 6133.000000, 6133, 6133, 6133, 6133
Seq_Read, 5136.000000, 5136, 5136, 5136, 5136
Seq_Read, 5322.000000, 5322, 5322, 5322, 5322
Seq_Read, 5291.000000, 5291, 5291, 5291, 5291
Seq_Read, 4882.000000, 4882, 4882, 4882, 4882
Seq_Read, 5433.000000, 5433, 5433, 5433, 5433
Seq_Read, 5209.000000, 5209, 5209, 5209, 5209
Seq_Read, 8033.000000, 8033, 8033, 8033, 8033
Seq_Read, 6203.000000, 6203, 6203, 6203, 6203
Seq_Read, 5797.000000, 5797, 5797, 5797, 5797
Seq_Read, 6685.000000, 6685, 6685, 6685, 6685
Seq_Read, 4940.000000, 4940, 4940, 4940, 4940
Seq_Read, 5155.000000, 5155, 5155, 5155, 5155
Seq_Read, 5700.000000, 5700, 5700, 5700, 5700
Seq_Read, 4624.000000, 4624, 4624, 4624, 4624
Seq_Read, 96893698.000000, 96893698, 96893698, 96893698, 96893698
Seq_Read, 83150656.000000, 83150656, 83150656, 83150656, 83150656
Seq_Read, 78228362.000000, 78228362, 78228362, 78228362, 78228362
Seq_Read, 83680105.000000, 83680105, 83680105, 83680105, 83680105
Seq_Read, 64877553.000000, 64877553, 64877553, 64877553, 64877553
Seq_Read, 10409.000000, 10409, 10409, 10409, 10409
Seq_Read, 5154.000000, 5154, 5154, 5154, 5154
Seq_Read, 10119.000000, 10119, 10119, 10119, 10119
Seq_Read, 10091.000000, 10091, 10091, 10091, 10091
Seq_Read, 9318.000000, 9318, 9318, 9318, 9318
Seq_Read, 5621.000000, 5621, 5621, 5621, 5621
Seq_Read, 5240.000000, 5240, 5240, 5240, 5240
Seq_Read, 4797.000000, 4797, 4797, 4797, 4797
Seq_Read, 5591.000000, 5591, 5591, 5591, 5591
Seq_Read, 5231.000000, 5231, 5231, 5231, 5231
Seq_Read, 5712.000000, 5712, 5712, 5712, 5712
Seq_Read, 7561.000000, 7561, 7561, 7561, 7561
Seq_Read, 8252.000000, 8252, 8252, 8252, 8252
Seq_Read, 5842.000000, 5842, 5842, 5842, 5842
Seq_Read, 4946.000000, 4946, 4946, 4946, 4946
Seq_Read, 4806.000000, 4806, 4806, 4806, 4806
Seq_Read, 6430.000000, 6430, 6430, 6430, 6430
Seq_Read, 5622.000000, 5622, 5622, 5622, 5622
Seq_Read, 4424.000000, 4424, 4424, 4424, 4424
Seq_Read, 5297.000000, 5297, 5297, 5297, 5297
Seq_Read, 6076.000000, 6076, 6076, 6076, 6076
Seq_Read, 5306.000000, 5306, 5306, 5306, 5306
Seq_Read, 5427.000000, 5427, 5427, 5427, 5427
Seq_Read, 5045.000000, 5045, 5045, 5045, 5045
Seq_Read, 6682.000000, 6682, 6682, 6682, 6682
Seq_Read, 4618.000000, 4618, 4618, 4618, 4618
Seq_Read, 5242.000000, 5242, 5242, 5242, 5242
Seq_Read, 5903.000000, 5903, 5903, 5903, 5903
Seq_Read, 5379.000000, 5379, 5379, 5379, 5379
Seq_Read, 4855.000000, 4855, 4855, 4855, 4855
Seq_Read, 5497.000000, 5497, 5497, 5497, 5497
Seq_Read, 7109.000000, 7109, 7109, 7109, 7109
Seq_Read, 4772.000000, 4772, 4772, 4772, 4772
Seq_Read, 4821.000000, 4821, 4821, 4821, 4821
Seq_Read, 5031.000000, 5031, 5031, 5031, 5031
Seq_Read, 5094.000000, 5094, 5094, 5094, 5094
Seq_Read, 5870.000000, 5870, 5870, 5870, 5870
Seq_Read, 4649.000000, 4649, 4649, 4649, 4649
Seq_Read, 5146.000000, 5146, 5146, 5146, 5146
Seq_Read, 4758.000000, 4758, 4758, 4758, 4758
Seq_Read, 4288.000000, 4288, 4288, 4288, 4288
Seq_Read, 5185.000000, 5185, 5185, 5185, 5185
Seq_Read, 5409.000000, 5409, 5409, 5409, 5409
Seq_Read, 5588.000000, 5588, 5588, 5588, 5588
Seq_Read, 5785.000000, 5785, 5785, 5785, 5785
Seq_Read, 5321.000000, 5321, 5321, 5321, 5321
Seq_Read, 6676.000000, 6676, 6676, 6676, 6676
Seq_Read, 4818.000000, 4818, 4818, 4818, 4818
Seq_Read, 4885.000000, 4885, 4885, 4885, 4885
Seq_Read, 5773.000000, 5773, 5773, 5773, 5773
Seq_Read, 5579.000000, 5579, 5579, 5579, 5579
Seq_Read, 5715.000000, 5715, 5715, 5715, 5715
Seq_Read, 4952.000000, 4952, 4952, 4952, 4952
Seq_Read, 5215.000000, 5215, 5215, 5215, 5215
Seq_Read, 5364.000000, 5364, 5364, 5364, 5364
Seq_Read, 5009.000000, 5009, 5009, 5009, 5009
Seq_Read, 5021.000000, 5021, 5021, 5021, 5021
Seq_Read, 5221.000000, 5221, 5221, 5221, 5221
Seq_Read, 5069.000000, 5069, 5069, 5069, 5069
Seq_Read, 5191.000000, 5191, 5191, 5191, 5191
Seq_Read, 5648.000000, 5648, 5648, 5648, 5648
Seq_Read, 5791.000000, 5791, 5791, 5791, 5791
Seq_Read, 4791.000000, 4791, 4791, 4791, 4791
Seq_Read, 5331.000000, 5331, 5331, 5331, 5331
Seq_Read, 4706.000000, 4706, 4706, 4706, 4706
Seq_Read, 4748.000000, 4748, 4748, 4748, 4748
Seq_Read, 5451.000000, 5451, 5451, 5451, 5451
Seq_Read, 5352.000000, 5352, 5352, 5352, 5352
Seq_Read, 5185.000000, 5185, 5185, 5185, 5185
Seq_Read, 5682.000000, 5682, 5682, 5682, 5682
Seq_Read, 5064.000000, 5064, 5064, 5064, 5064
Seq_Read, 5109.000000, 5109, 5109, 5109, 5109
Seq_Read, 5246.000000, 5246, 5246, 5246, 5246
Seq_Read, 4669.000000, 4669, 4669, 4669, 4669
Seq_Read, 4624.000000, 4624, 4624, 4624, 4624
Seq_Read, 4542.000000, 4542, 4542, 4542, 4542
Seq_Read, 4927.000000, 4927, 4927, 4927, 4927
Seq_Read, 5024.000000, 5024, 5024, 5024, 5024
Seq_Read, 5097.000000, 5097, 5097, 5097, 5097
Seq_Read, 5369.000000, 5369, 5369, 5369, 5369
Seq_Read, 5428.000000, 5428, 5428, 5428, 5428
Seq_Read, 5073.000000, 5073, 5073, 5073, 5073
Seq_Read, 4297.000000, 4297, 4297, 4297, 4297
Seq_Read, 4527.000000, 4527, 4527, 4527, 4527
Seq_Read, 5091.000000, 5091, 5091, 5091, 5091
Seq_Read, 4894.000000, 4894, 4894, 4894, 4894
Seq_Read, 5270.000000, 5270, 5270, 5270, 5270
Seq_Read, 5282.000000, 5282, 5282, 5282, 5282
Seq_Read, 7673.000000, 7673, 7673, 7673, 7673
Seq_Read, 6982.000000, 6982, 6982, 6982, 6982
Seq_Read, 5621.000000, 5621, 5621, 5621, 5621
Seq_Read, 4988.000000, 4988, 4988, 4988, 4988
Seq_Read, 5219.000000, 5219, 5219, 5219, 5219
Seq_Read, 6149.000000, 6149, 6149, 6149, 6149
Seq_Read, 5285.000000, 5285, 5285, 5285, 5285
Seq_Read, 4409.000000, 4409, 4409, 4409, 4409
Seq_Read, 4879.000000, 4879, 4879, 4879, 4879
Seq_Read, 5985.000000, 5985, 5985, 5985, 5985
Seq_Read, 4712.000000, 4712, 4712, 4712, 4712
Seq_Read, 4551.000000, 4551, 4551, 4551, 4551
Seq_Read, 7536.000000, 7536, 7536, 7536, 7536
Seq_Read, 5400.000000, 5400, 5400, 5400, 5400
Seq_Read, 5718.000000, 5718, 5718, 5718, 5718
Seq_Read, 5618.000000, 5618, 5618, 5618, 5618
Seq_Read, 5682.000000, 5682, 5682, 5682, 5682
Seq_Read, 5291.000000, 5291, 5291, 5291, 5291
Seq_Read, 4861.000000, 4861, 4861, 4861, 4861
Seq_Read, 5009.000000, 5009, 5009, 5009, 5009
Seq_Read, 4754.000000, 4754, 4754, 4754, 4754
Seq_Read, 4573.000000, 4573, 4573, 4573, 4573
Seq_Read, 5382.000000, 5382, 5382, 5382, 5382
Seq_Read, 4242.000000, 4242, 4242, 4242, 4242
Seq_Read, 5757.000000, 5757, 5757, 5757, 5757
Seq_Read, 5128.000000, 5128, 5128, 5128, 5128
Seq_Read, 5840.000000, 5840, 5840, 5840, 5840
Seq_Read, 7246.000000, 7246, 7246, 7246, 7246
Seq_Read, 6788.000000, 6788, 6788, 6788, 6788
Seq_Read, 6924.000000, 6924, 6924, 6924, 6924
Seq_Read, 6806.000000, 6806, 6806, 6806, 6806
Seq_Read, 6246.000000, 6246, 6246, 6246, 6246
Seq_Read, 4900.000000, 4900, 4900, 4900, 4900
Seq_Read, 5476.000000, 5476, 5476, 5476, 5476
Seq_Read, 5421.000000, 5421, 5421, 5421, 5421
Seq_Read, 5934.000000, 5934, 5934, 5934, 5934
Seq_Read, 5994.000000, 5994, 5994, 5994, 5994
Seq_Read, 4933.000000, 4933, 4933, 4933, 4933
Seq_Read, 10670.000000, 10670, 10670, 10670, 10670
Seq_Read, 5866.000000, 5866, 5866, 5866, 5866
Seq_Read, 5051.000000, 5051, 5051, 5051, 5051
Seq_Read, 5666.000000, 5666, 5666, 5666, 5666
Seq_Read, 5385.000000, 5385, 5385, 5385, 5385
Seq_Read, 4942.000000, 4942, 4942, 4942, 4942
Seq_Read, 5300.000000, 5300, 5300, 5300, 5300
Seq_Read, 5918.000000, 5918, 5918, 5918, 5918
Seq_Read, 5315.000000, 5315, 5315, 5315, 5315
Seq_Read, 5724.000000, 5724, 5724, 5724, 5724
Seq_Read, 5770.000000, 5770, 5770, 5770, 5770
Seq_Read, 4855.000000, 4855, 4855, 4855, 4855
Seq_Read, 4770.000000, 4770, 4770, 4770, 4770
Seq_Read, 5691.000000, 5691, 5691, 5691, 5691
Seq_Read, 4854.000000, 4854, 4854, 4854, 4854
Seq_Read, 6151.000000, 6151, 6151, 6151, 6151
Seq_Read, 6134.000000, 6134, 6134, 6134, 6134
Seq_Read, 7718.000000, 7718, 7718, 7718, 7718
Seq_Read, 6055.000000, 6055, 6055, 6055, 6055
Seq_Read, 5175.000000, 5175, 5175, 5175, 5175
Seq_Read, 6397.000000, 6397, 6397, 6397, 6397
Seq_Read, 6382.000000, 6382, 6382, 6382, 6382
Seq_Read, 5146.000000, 5146, 5146, 5146, 5146
Seq_Read, 5285.000000, 5285, 5285, 5285, 5285
Seq_Read, 5527.000000, 5527, 5527, 5527, 5527
Seq_Read, 5503.000000, 5503, 5503, 5503, 5503
Seq_Read, 5976.000000, 5976, 5976, 5976, 5976
Seq_Read, 9943.000000, 9943, 9943, 9943, 9943
Seq_Read, 6303.000000, 6303, 6303, 6303, 6303
Seq_Read, 5730.000000, 5730, 5730, 5730, 5730
Seq_Read, 4997.000000, 4997, 4997, 4997, 4997
Seq_Read, 5803.000000, 5803, 5803, 5803, 5803
Seq_Read, 5746.000000, 5746, 5746, 5746, 5746
Seq_Read, 5457.000000, 5457, 5457, 5457, 5457
Seq_Read, 5124.000000, 5124, 5124, 5124, 5124
Seq_Read, 6921.000000, 6921, 6921, 6921, 6921
Seq_Read, 7739.000000, 7739, 7739, 7739, 7739
Seq_Read, 5339.000000, 5339, 5339, 5339, 5339
Seq_Read, 5624.000000, 5624, 5624, 5624, 5624
Seq_Read, 5937.000000, 5937, 5937, 5937, 5937
Seq_Read, 5779.000000, 5779, 5779, 5779, 5779
Seq_Read, 5667.000000, 5667, 5667, 5667, 5667
Seq_Read, 6679.000000, 6679, 6679, 6679, 6679
Seq_Read, 5618.000000, 5618, 5618, 5618, 5618
Seq_Read, 4849.000000, 4849, 4849, 4849, 4849
Seq_Read, 5278.000000, 5278, 5278, 5278, 5278
Seq_Read, 5909.000000, 5909, 5909, 5909, 5909
Seq_Read, 5400.000000, 5400, 5400, 5400, 5400
Seq_Read, 43845500.000000, 43845500, 43845500,Seq_Read, 186454428.000000, 186454428, 186454428, 186454428, 186454428
Seq_Read, 9894.000000, 9894, 9894, 9894, 9894
Seq_Read, 9891.000000, 9891, 9891, 9891, 9891
Seq_Read, 10339.000000, 10339, 10339, 10339, 10339
Seq_Read, 10803.000000, 10803, 10803, 10803, 10803
Seq_Read, 9512.000000, 9512, 9512, 9512, 9512
Seq_Read, 9688.000000, 9688, 9688, 9688, 9688
Seq_Read, 9158.000000, 9158, 9158, 9158, 9158
Seq_Read, 9661.000000, 9661, 9661, 9661, 9661
Seq_Read, 9218.000000, 9218, 9218, 9218, 9218
Seq_Read, 9512.000000, 9512, 9512, 9512, 9512
Seq_Read, 10482.000000, 10482, 10482, 10482, 10482
Seq_Read, 9152.000000, 9152, 9152, 9152, 9152
Seq_Read, 9006.000000, 9006, 9006, 9006, 9006
Seq_Read, 13043.000000, 13043, 13043, 13043, 13043
Seq_Read, 10328.000000, 10328, 10328, 10328, 10328
Seq_Read, 10169.000000, 10169, 10169, 10169, 10169
Seq_Read, 9182.000000, 9182, 9182, 9182, 9182
Seq_Read, 9516.000000, 9516, 9516, 9516, 9516
Seq_Read, 9436.000000, 9436, 9436, 9436, 9436
Seq_Read, 8685.000000, 8685, 8685, 8685, 8685
Seq_Read, 10946.000000, 10946, 10946, 10946, 10946
Seq_Read, 9045.000000, 9045, 9045, 9045, 9045
Seq_Read, 8849.000000, 8849, 8849, 8849, 8849
Seq_Read, 9079.000000, 9079, 9079, 9079, 9079
Seq_Read, 9433.000000, 9433, 9433, 9433, 9433
Seq_Read, 8879.000000, 8879, 8879, 8879, 8879
Seq_Read, 12427.000000, 12427, 12427, 12427, 12427
Seq_Read, 10155.000000, 10155, 10155, 10155, 10155
Seq_Read, 11888.000000, 11888, 11888, 11888, 11888
Seq_Read, 12615.000000, 12615, 12615, 12615, 12615
Seq_Read, 10331.000000, 10331, 10331, 10331, 10331
Seq_Read, 11576.000000, 11576, 11576, 11576, 11576
Seq_Read, 11742.000000, 11742, 11742, 11742, 11742
Seq_Read, 10364.000000, 10364, 10364, 10364, 10364
Seq_Read, 11572.000000, 11572, 11572, 11572, 11572
Seq_Read, 10403.000000, 10403, 10403, 10403, 10403
Seq_Read, 10676.000000, 10676, 10676, 10676, 10676
Seq_Read, 9176.000000, 9176, 9176, 9176, 9176
Seq_Read, 10034.000000, 10034, 10034, 10034, 10034
Seq_Read, 9003.000000, 9003, 9003, 9003, 9003
Seq_Read, 11545.000000, 11545, 11545, 11545, 11545
Seq_Read, 9660.000000, 9660, 9660, 9660, 9660
Seq_Read, 8857.000000, 8857, 8857, 8857, 8857
Seq_Read, 8545.000000, 8545, 8545, 8545, 8545
Seq_Read, 9297.000000, 9297, 9297, 9297, 9297
Seq_Read, 11961.000000, 11961, 11961, 11961, 11961
Seq_Read, 11191.000000, 11191, 11191, 11191, 11191
Seq_Read, 9348.000000, 9348, 9348, 9348, 9348
Seq_Read, 9524.000000, 9524, 9524, 9524, 9524
Seq_Read, 7754.000000, 7754, 7754, 7754, 7754
Seq_Read, 9194.000000, 9194, 9194, 9194, 9194
Seq_Read, 9927.000000, 9927, 9927, 9927, 9927
Seq_Read, 9339.000000, 9339, 9339, 9339, 9339
Seq_Read, 12621.000000, 12621, 12621, 12621, 12621
Seq_Read, 10209.000000, 10209, 10209, 10209, 10209
Seq_Read, 9897.000000, 9897, 9897, 9897, 9897
Seq_Read, 9997.000000, 9997, 9997, 9997, 9997
Seq_Read, 7970.000000, 7970, 7970, 7970, 7970
Seq_Read, 8939.000000, 8939, 8939, 8939, 8939
Seq_Read, 8503.000000, 8503, 8503, 8503, 8503
Seq_Read, 9873.000000, 9873, 9873, 9873, 9873
Seq_Read, 9321.000000, 9321, 9321, 9321, 9321
Seq_Read, 8669.000000, 8669, 8669, 8669, 8669
Seq_Read, 9363.000000, 9363, 9363, 9363, 9363
Seq_Read, 9585.000000, 9585, 9585, 9585, 9585
Seq_Read, 8606.000000, 8606, 8606, 8606, 8606
Seq_Read, 10209.000000, 10209, 10209, 10209, 10209
Seq_Read, 10072.000000, 10072, 10072, 10072, 10072
Seq_Read, 8567.000000, 8567, 8567, 8567, 8567
Seq_Read, 9234.000000, 9234, 9234, 9234, 9234
Seq_Read, 9700.000000, 9700, 9700, 9700, 9700
Seq_Read, 9570.000000, 9570, 9570, 9570, 9570
Seq_Read, 8670.000000, 8670, 8670, 8670, 8670
Seq_Read, 10137.000000, 10137, 10137, 10137, 10137
Seq_Read, 9333.000000, 9333, 9333, 9333, 9333
Seq_Read, 13836.000000, 13836, 13836, 13836, 13836
Seq_Read, 13497.000000, 13497, 13497, 13497, 13497
Seq_Read, 14215.000000, 14215, 14215, 14215, 14215
Seq_Read, 14258.000000, 14258, 14258, 14258, 14258
Seq_Read, 14160.000000, 14160, 14160, 14160, 14160
Seq_Read, 14061.000000, 14061, 14061, 14061, 14061
Seq_Read, 14739.000000, 14739, 14739, 14739, 14739
Seq_Read, 13143.000000, 13143, 13143, 13143, 13143
Seq_Read, 11942.000000, 11942, 11942, 11942, 11942
Seq_Read, 14433.000000, 14433, 14433, 14433, 14433
Seq_Read, 13385.000000, 13385, 13385, 13385, 13385
Seq_Read, 14291.000000, 14291, 14291, 14291, 14291
Seq_Read, 9097.000000, 9097, 9097, 9097, 9097
Seq_Read, 13254.000000, 13254, 13254, 13254, 13254
Seq_Read, 13561.000000, 13561, 13561, 13561, 13561
Seq_Read, 13769.000000, 13769, 13769, 13769, 13769
Seq_Read, 10082.000000, 10082, 10082, 10082, 10082
Seq_Read, 20634.000000, 20634, 20634, 20634, 20634
Seq_Read, 26230.000000, 26230, 26230, 26230, 26230
Seq_Read, 23140.000000, 23140, 23140, 23140, 23140
Seq_Read, 20354.000000, 20354, 20354, 20354, 20354
Seq_Read, 21564.000000, 21564, 21564, 21564, 21564
Seq_Read, 21455.000000, 21455, 21455, 21455, 21455
Seq_Read, 21309.000000, 21309, 21309, 21309, 21309
Seq_Read, 19385.000000, 19385, 19385, 19385, 19385
Seq_Read, 29209.000000, 29209, 29209, 29209, 29209
Seq_Read, 22394.000000, 22394, 22394, 22394, 22394
Seq_Read, 29303.000000, 29303, 29303, 29303, 29303
Seq_Read, 31830.000000, 31830, 31830, 31830, 31830
Seq_Read, 21100.000000, 21100, 21100, 21100, 21100
Seq_Read, 15894.000000, 15894, 15894, 15894, 15894
Seq_Read, 15406.000000, 15406, 15406, 15406, 15406
Seq_Read, 11651.000000, 11651, 11651, 11651, 11651
Seq_Read, 15785.000000, 15785, 15785, 15785, 15785
Seq_Read, 16255.000000, 16255, 16255, 16255, 16255
Seq_Read, 12336.000000, 12336, 12336, 12336, 12336
Seq_Read, 12839.000000, 12839, 12839, 12839, 12839
Seq_Read, 12485.000000, 12485, 12485, 12485, 12485
Seq_Read, 15679.000000, 15679, 15679, 15679, 15679
Seq_Read, 12909.000000, 12909, 12909, 12909, 12909
Seq_Read, 12427.000000, 12427, 12427, 12427, 12427
Seq_Read, 13185.000000, 13185, 13185, 13185, 13185
Seq_Read, 12767.000000, 12767, 12767, 12767, 12767
Seq_Read, 12497.000000, 12497, 12497, 12497, 12497
Seq_Read, 12476.000000, 12476, 12476, 12476, 12476
Seq_Read, 12876.000000, 12876, 12876, 12876, 12876
Seq_Read, 12255.000000, 12255, 12255, 12255, 12255
Seq_Read, 14236.000000, 14236, 14236, 14236, 14236
Seq_Read, 11448.000000, 11448, 11448, 11448, 11448
Seq_Read, 14257.000000, 14257, 14257, 14257, 14257
Seq_Read, 12188.000000, 12188, 12188, 12188, 12188
Seq_Read, 13694.000000, 13694, 13694, 13694, 13694
Seq_Read, 12494.000000, 12494, 12494, 12494, 12494
Seq_Read, 11725.000000, 11725, 11725, 11725, 11725
Seq_Read, 11451.000000, 11451, 11451, 11451, 11451
Seq_Read, 12258.000000, 12258, 12258, 12258, 12258
Seq_Read, 10782.000000, 10782, 10782, 10782, 10782
Seq_Read, 11503.000000, 11503, 11503, 11503, 11503
Seq_Read, 12785.000000, 12785, 12785, 12785, 12785
Seq_Read, 10709.000000, 10709, 10709, 10709, 10709
Seq_Read, 10912.000000, 10912, 10912, 10912, 10912
Seq_Read, 11458.000000, 11458, 11458, 11458, 11458
Seq_Read, 14309.000000, 14309, 14309, 14309, 14309
Seq_Read, 10543.000000, 10543, 10543, 10543, 10543
Seq_Read, 11340.000000, 11340, 11340, 11340, 11340
Seq_Read, 10851.000000, 10851, 10851, 10851, 10851
Seq_Read, 10988.000000, 10988, 10988, 10988, 10988
Seq_Read, 12994.000000, 12994, 12994, 12994, 12994
Seq_Read, 12449.000000, 12449, 12449, 12449, 12449
Seq_Read, 13412.000000, 13412, 13412, 13412, 13412
Seq_Read, 12121.000000, 12121, 12121, 12121, 12121
Seq_Read, 12609.000000, 12609, 12609, 12609, 12609
Seq_Read, 11967.000000, 11967, 11967, 11967, 11967
Seq_Read, 10391.000000, 10391, 10391, 10391, 10391
Seq_Read, 10867.000000, 10867, 10867, 10867, 10867
Seq_Read, 12264.000000, 12264, 12264, 12264, 12264
Seq_Read, 11752.000000, 11752, 11752, 11752, 11752
Seq_Read, 11982.000000, 11982, 11982, 11982, 11982
Seq_Read, 10309.000000, 10309, 10309, 10309, 10309
Seq_Read, 11015.000000, 11015, 11015, 11015, 11015
Seq_Read, 12091.000000, 12091, 12091, 12091, 12091
Seq_Read, 11085.000000, 11085, 11085, 11085, 11085
Seq_Read, 10318.000000, 10318, 10318, 10318, 10318
Seq_Read, 11685.000000, 11685, 11685, 11685, 11685
Seq_Read, 10885.000000, 10885, 10885, 10885, 10885
Seq_Read, 13173.000000, 13173, 13173, 13173, 13173
Seq_Read, 15009.000000, 15009, 15009, 15009, 15009
Seq_Read, 11518.000000, 11518, 11518, 11518, 11518
Seq_Read, 10897.000000, 10897, 10897, 10897, 10897
Seq_Read, 14121.000000, 14121, 14121, 14121, 14121
Seq_Read, 10724.000000, 10724, 10724, 10724, 10724
Seq_Read, 11246.000000, 11246, 11246, 11246, 11246
Seq_Read, 12537.000000, 12537, 12537, 12537, 12537
Seq_Read, 12336.000000, 12336, 12336, 12336, 12336
Seq_Read, 12127.000000, 12127, 12127, 12127, 12127
Seq_Read, 12391.000000, 12391, 12391, 12391, 12391
Seq_Read, 10879.000000, 10879, 10879, 10879, 10879
Seq_Read, 11949.000000, 11949, 11949, 11949, 11949
Seq_Read, 11194.000000, 11194, 11194, 11194, 11194
Seq_Read, 12573.000000, 12573, 12573, 12573, 12573
Seq_Read, 12585.000000, 12585, 12585, 12585, 12585
Seq_Read, 11164.000000, 11164, 11164, 11164, 11164
Seq_Read, 11728.000000, 11728, 11728, 11728, 11728
Seq_Read, 11070.000000, 11070, 11070, 11070, 11070
Seq_Read, 12697.000000, 12697, 12697, 12697, 12697
Seq_Read, 12136.000000, 12136, 12136, 12136, 12136
Seq_Read, 12924.000000, 12924, 12924, 12924, 12924
Seq_Read, 12012.000000, 12012, 12012, 12012, 12012
Seq_Read, 12009.000000, 12009, 12009, 12009, 12009
Seq_Read, 11191.000000, 11191, 11191, 11191, 11191
Seq_Read, 12412.000000, 12412, 12412, 12412, 12412
Seq_Read, 11824.000000, 11824, 11824, 11824, 11824
Seq_Read, 11621.000000, 11621, 11621, 11621, 11621
Seq_Read, 12194.000000, 12194, 12194, 12194, 12194
Seq_Read, 11048.000000, 11048, 11048, 11048, 11048
Seq_Read, 10185.000000, 10185, 10185, 10185, 10185
Seq_Read, 11727.000000, 11727, 11727, 11727, 11727
Seq_Read, 13737.000000, 13737, 13737, 13737, 13737
Seq_Read, 11097.000000, 11097, 11097, 11097, 11097
Seq_Read, 10967.000000, 10967, 10967, 10967, 10967
Seq_Read, 11173.000000, 11173, 11173, 11173, 11173
Seq_Read, 11034.000000, 11034, 11034, 11034, 11034
Seq_Read, 10863.000000, 10863, 10863, 10863, 10863
Seq_Read, 12467.000000, 12467, 12467, 12467, 12467
Seq_Read, 11991.000000, 11991, 11991, 11991, 11991
Seq_Read, 12442.000000, 12442, 12442, 12442, 12442
Seq_Read, 11230.000000, 11230, 11230, 11230, 11230
Seq_Read, 12497.000000, 12497, 12497, 12497, 12497
Seq_Read, 11279.000000, 11279, 11279, 11279, 11279
Seq_Read, 12106.000000, 12106, 12106, 12106, 12106
Seq_Read, 12118.000000, 12118, 12118, 12118, 12118
Seq_Read, 11945.000000, 11945, 11945, 11945, 11945
Seq_Read, 11782.000000, 11782, 11782, 11782, 11782
Seq_Read, 11015.000000, 11015, 11015, 11015, 11015
Seq_Read, 12551.000000, 12551, 12551, 12551, 12551
Seq_Read, 11755.000000, 11755, 11755, 11755, 11755
Seq_Read, 11530.000000, 11530, 11530, 11530, 11530
Seq_Read, 11309.000000, 11309, 11309, 11309, 11309
Seq_Read, 11661.000000, 11661, 11661, 11661, 11661
Seq_Read, 11809.000000, 11809, 11809, 11809, 11809
Seq_Read, 13988.000000, 13988, 13988, 13988, 13988
Seq_Read, 10806.000000, 10806, 10806, 10806, 10806
Seq_Read, 11424.000000, 11424, 11424, 11424, 11424
Seq_Read, 11258.000000, 11258, 11258, 11258, 11258
Seq_Read, 11145.000000, 11145, 11145, 11145, 11145
Seq_Read, 12415.000000, 12415, 12415, 12415, 12415
Seq_Read, 12240.000000, 12240, 12240, 12240, 12240
Seq_Read, 10000.000000, 10000, 10000, 10000, 10000
Seq_Read, 9640.000000, 9640, 9640, 9640, 9640
Seq_Read, 9524.000000, 9524, 9524, 9524, 9524
Seq_Read, 9318.000000, 9318, 9318, 9318, 9318
Seq_Read, 8876.000000, 8876, 8876, 8876, 8876
Seq_Read, 8672.000000, 8672, 8672, 8672, 8672
Seq_Read, 8994.000000, 8994, 8994, 8994, 8994
Seq_Read, 8567.000000, 8567, 8567, 8567, 8567
Seq_Read, 9173.000000, 9173, 9173, 9173, 9173
Seq_Read, 8258.000000, 8258, 8258, 8258, 8258
Seq_Read, 9348.000000, 9348, 9348, 9348, 9348
Seq_Read, 7818.000000, 7818, 7818, 7818, 7818
Seq_Read, 9794.000000, 9794, 9794, 9794, 9794
Seq_Read, 9321.000000, 9321, 9321, 9321, 9321
Seq_Read, 8115.000000, 8115, 8115, 8115, 8115
Seq_Read, 7879.000000, 7879, 7879, 7879, 7879
Seq_Read, 9482.000000, 9482, 9482, 9482, 9482
Seq_Read, 10185.000000, 10185, 10185, 10185, 10185
Seq_Read, 9260.000000, 9260, 9260, 9260, 9260
Seq_Read, 8585.000000, 8585, 8585, 8585, 8585
Seq_Read, 9952.000000, 9952, 9952, 9952, 9952
Seq_Read, 9691.000000, 9691, 9691, 9691, 9691
Seq_Read, 8600.000000, 8600, 8600, 8600, 8600
Seq_Read, 8231.000000, 8231, 8231, 8231, 8231
Seq_Read, 8278.000000, 8278, 8278, 8278, 8278
Seq_Read, 8924.000000, 8924, 8924, 8924, 8924
Seq_Read, 8958.000000, 8958, 8958, 8958, 8958
Seq_Read, 8246.000000, 8246, 8246, 8246, 8246
Seq_Read, 8052.000000, 8052, 8052, 8052, 8052
Seq_Read, 8970.000000, 8970, 8970, 8970, 8970
Seq_Read, 9340.000000, 9340, 9340, 9340, 9340
Seq_Read, 8625.000000, 8625, 8625, 8625, 8625
Seq_Read, 8061.000000, 8061, 8061, 8061, 8061
Seq_Read, 8394.000000, 8394, 8394, 8394, 8394
Seq_Read, 8049.000000, 8049, 8049, 8049, 8049
Seq_Read, 9215.000000, 9215, 9215, 9215, 9215
Seq_Read, 10100.000000, 10100, 10100, 10100, 10100
Seq_Read, 9094.000000, 9094, 9094, 9094, 9094
Seq_Read, 8349.000000, 8349, 8349, 8349, 8349
Seq_Read, 8506.000000, 8506, 8506, 8506, 8506
Seq_Read, 9521.000000, 9521, 9521, 9521, 9521
Seq_Read, 11122.000000, 11122, 11122, 11122, 11122
Seq_Read, 15309.000000, 15309, 15309, 15309, 15309
Seq_Read, 10749.000000, 10749, 10749, 10749, 10749
Seq_Read, 15282.000000, 15282, 15282, 15282, 15282
Seq_Read, 12091.000000, 12091, 12091, 12091, 12091
Seq_Read, 16615.000000, 16615, 16615, 16615, 16615
Seq_Read, 14561.000000, 14561, 14561, 14561, 14561
Seq_Read, 11118.000000, 11118, 11118, 11118, 11118
Seq_Read, 11948.000000, 11948, 11948, 11948, 11948
Seq_Read, 16227.000000, 16227, 16227, 16227, 16227
Seq_Read, 12312.000000, 12312, 12312, 12312, 12312
Seq_Read, 11321.000000, 11321, 11321, 11321, 11321
Seq_Read, 11839.000000, 11839, 11839, 11839, 11839
Seq_Read, 10597.000000, 10597, 10597, 10597, 10597
Seq_Read, 14094.000000, 14094, 14094, 14094, 14094
Seq_Read, 11685.000000, 11685, 11685, 11685, 11685
Seq_Read, 10915.000000, 10915, 10915, 10915, 10915
Seq_Read, 12085.000000, 12085, 12085, 12085, 12085
Seq_Read, 14937.000000, 14937, 14937, 14937, 14937
Seq_Read, 12036.000000, 12036, 12036, 12036, 12036
Seq_Read, 10961.000000, 10961, 10961, 10961, 10961
Seq_Read, 12457.000000, 12457, 12457, 12457, 12457
Seq_Read, 12133.000000, 12133, 12133, 12133, 12133
Seq_Read, 10867.000000, 10867, 10867, 10867, 10867
Seq_Read, 10012.000000, 10012, 10012, 10012, 10012
Seq_Read, 18081.000000, 18081, 18081, 18081, 18081
Seq_Read, 11327.000000, 11327, 11327, 11327, 11327
Seq_Read, 11558.000000, 11558, 11558, 11558, 11558
Seq_Read, 10630.000000, 10630, 10630, 10630, 10630
Seq_Read, 12467.000000, 12467, 12467, 12467, 12467
Seq_Read, 14027.000000, 14027, 14027, 14027, 14027
Seq_Read, 11794.000000, 11794, 11794, 11794, 11794
Seq_Read, 13918.000000, 13918, 13918, 13918, 13918
Seq_Read, 14391.000000, 14391, 14391, 14391, 14391
Seq_Read, 13131.000000, 13131, 13131, 13131, 13131
Seq_Read, 11748.000000, 11748, 11748, 11748, 11748
Seq_Read, 12687.000000, 12687, 12687, 12687, 12687
Seq_Read, 13097.000000, 13097, 13097, 13097, 13097
Seq_Read, 9824.000000, 9824, 9824, 9824, 9824
Seq_Read, 11282.000000, 11282, 11282, 11282, 11282
Seq_Read, 11530.000000, 11530, 11530, 11530, 11530
Seq_Read, 10961.000000, 10961, 10961, 10961, 10961
Seq_Read, 11930.000000, 11930, 11930, 11930, 11930
Seq_Read, 10851.000000, 10851, 10851, 10851, 10851
Seq_Read, 12867.000000, 12867, 12867, 12867, 12867
Seq_Read, 11239.000000, 11239, 11239, 11239, 11239
Seq_Read, 11791.000000, 11791, 11791, 11791, 11791
Seq_Read, 13636.000000, 13636, 13636, 13636, 13636
Seq_Read, 11861.000000, 11861, 11861, 11861, 11861
Seq_Read, 11806.000000, 11806, 11806, 11806, 11806
Seq_Read, 11300.000000, 11300, 11300, 11300, 11300
Seq_Read, 11875.000000, 11875, 11875, 11875, 11875
Seq_Read, 34905.000000, 34905, 34905, 34905, 34905
Seq_Read, 11361.000000, 11361, 11361, 11361, 11361
Seq_Read, 9679.000000, 9679, 9679, 9679, 9679
Seq_Read, 13497.000000, 13497, 13497, 13497, 13497
Seq_Read, 13861.000000, 13861, 13861, 13861, 13861
Seq_Read, 10397.000000, 10397, 10397, 10397, 10397
Seq_Read, 11181.000000, 11181, 11181, 11181, 11181
Seq_Read, 12597.000000, 12597, 12597, 12597, 12597
Seq_Read, 12360.000000, 12360, 12360, 12360, 12360
Seq_Read, 12564.000000, 12564, 12564, 12564, 12564
Seq_Read, 10949.000000, 10949, 10949, 10949, 10949
Seq_Read, 11188.000000, 11188, 11188, 11188, 11188
Seq_Read, 11924.000000, 11924, 11924, 11924, 11924
Seq_Read, 11006.000000, 11006, 11006, 11006, 11006
Seq_Read, 12554.000000, 12554, 12554, 12554, 12554
Seq_Read, 12330.000000, 12330, 12330, 12330, 12330
Seq_Read, 11873.000000, 11873, 11873, 11873, 11873
Seq_Read, 11518.000000, 11518, 11518, 11518, 11518
Seq_Read, 10897.000000, 10897, 10897, 10897, 10897
Seq_Read, 11733.000000, 11733, 11733, 11733, 11733
Seq_Read, 10618.000000, 10618, 10618, 10618, 10618
Seq_Read, 11055.000000, 11055, 11055, 11055, 11055
Seq_Read, 11924.000000, 11924, 11924, 11924, 11924
Seq_Read, 10936.000000, 10936, 10936, 10936, 10936
Seq_Read, 10773.000000, 10773, 10773, 10773, 10773
Seq_Read, 11294.000000, 11294, 11294, 11294, 11294
Seq_Read, 12006.000000, 12006, 12006, 12006, 12006
Seq_Read, 10782.000000, 10782, 10782, 10782, 10782
Seq_Read, 11470.000000, 11470, 11470, 11470, 11470
Seq_Read, 12763.000000, 12763, 12763, 12763, 12763
Seq_Read, 11822.000000, 11822, 11822, 11822, 11822
Seq_Read, 13530.000000, 13530, 13530, 13530, 13530
Seq_Read, 12654.000000, 12654, 12654, 12654, 12654
Seq_Read, 11812.000000, 11812, 11812, 11812, 11812
Seq_Read, 11385.000000, 11385, 11385, 11385, 11385
Seq_Read, 10763.000000, 10763, 10763, 10763, 10763
Seq_Read, 10949.000000, 10949, 10949, 10949, 10949
Seq_Read, 12482.000000, 12482, 12482, 12482, 12482
Seq_Read, 11052.000000, 11052, 11052, 11052, 11052
Seq_Read, 11433.000000, 11433, 11433, 11433, 11433
Seq_Read, 12418.000000, 12418, 12418, 12418, 12418
Seq_Read, 11161.000000, 11161, 11161, 11161, 11161
Seq_Read, 13228.000000, 13228, 13228, 13228, 13228
Seq_Read, 10964.000000, 10964, 10964, 10964, 10964
Seq_Read, 12291.000000, 12291, 12291, 12291, 12291
Seq_Read, 10694.000000, 10694, 10694, 10694, 10694
Seq_Read, 11470.000000, 11470, 11470, 11470, 11470
Seq_Read, 11751.000000, 11751, 11751, 11751, 11751
Seq_Read, 10852.000000, 10852, 10852, 10852, 10852
Seq_Read, 11473.000000, 11473, 11473, 11473, 11473
Seq_Read, 10249.000000, 10249, 10249, 10249, 10249
Seq_Read, 10609.000000, 10609, 10609, 10609, 10609
Seq_Read, 11700.000000, 11700, 11700, 11700, 11700
Seq_Read, 11506.000000, 11506, 11506, 11506, 11506
Seq_Read, 10561.000000, 10561, 10561, 10561, 10561
Seq_Read, 12443.000000, 12443, 12443, 12443, 12443
Seq_Read, 11991.000000, 11991, 11991, 11991, 11991
Seq_Read, 11015.000000, 11015, 11015, 11015, 11015
Seq_Read, 11155.000000, 11155, 11155, 11155, 11155
Seq_Read, 10991.000000, 10991, 10991, 10991, 10991
Seq_Read, 11600.000000, 11600, 11600, 11600, 11600
Seq_Read, 10591.000000, 10591, 10591, 10591, 10591
Seq_Read, 13625.000000, 13625, 13625, 13625, 13625
Seq_Read, 12282.000000, 12282, 12282, 12282, 12282
Seq_Read, 9485.000000, 9485, 9485, 9485, 9485
Seq_Read, 11349.000000, 11349, 11349, 11349, 11349
Seq_Read, 10624.000000, 10624, 10624, 10624, 10624
Seq_Read, 12715.000000, 12715, 12715, 12715, 12715
Seq_Read, 11412.000000, 11412, 11412, 11412, 11412
Seq_Read, 11724.000000, 11724, 11724, 11724, 11724
Seq_Read, 11152.000000, 11152, 11152, 11152, 11152
Seq_Read, 10797.000000, 10797, 10797, 10797, 10797
Seq_Read, 10066.000000, 10066, 10066, 10066, 10066
Seq_Read, 11357.000000, 11357, 11357, 11357, 11357
Seq_Read, 10918.000000, 10918, 10918, 10918, 10918
Seq_Read, 11000.000000, 11000, 11000, 11000, 11000
Seq_Read, 10430.000000, 10430, 10430, 10430, 10430
Seq_Read, 11700.000000, 11700, 11700, 11700, 11700
Seq_Read, 14155.000000, 14155, 14155, 14155, 14155
Seq_Read, 14342.000000, 14342, 14342, 14342, 14342
Seq_Read, 12903.000000, 12903, 12903, 12903, 12903
Seq_Read, 13588.000000, 13588, 13588, 13588, 13588
Seq_Read, 13354.000000, 13354, 13354, 13354, 13354
Seq_Read, 10360.000000, 10360, 10360, 10360, 10360
Seq_Read, 11891.000000, 11891, 11891, 11891, 11891
Seq_Read, 13255.000000, 13255, 13255, 13255, 13255
Seq_Read, 12106.000000, 12106, 12106, 12106, 12106
Seq_Read, 11906.000000, 11906, 11906, 11906, 11906
Seq_Read, 14642.000000, 14642, 14642, 14642, 14642
Seq_Read, 13472.000000, 13472, 13472, 13472, 13472
Seq_Read, 11748.000000, 11748, 11748, 11748, 11748
Seq_Read, 10173.000000, 10173, 10173, 10173, 10173
Seq_Read, 15279.000000, 15279, 15279, 15279, 15279
Seq_Read, 11663.000000, 11663, 11663, 11663, 11663
Seq_Read, 11964.000000, 11964, 11964, 11964, 11964
Seq_Read, 15446.000000, 15446, 15446, 15446, 15446
Seq_Read, 12088.000000, 12088, 12088, 12088, 12088
Seq_Read, 12876.000000, 12876, 12876, 12876, 12876
Seq_Read, 13246.000000, 13246, 13246, 13246, 13246
Seq_Read, 14636.000000, 14636, 14636, 14636, 14636
Seq_Read, 13048.000000, 13048, 13048, 13048, 13048
Seq_Read, 11573.000000, 11573, 11573, 11573, 11573
Seq_Read, 11812.000000, 11812, 11812, 11812, 11812
Seq_Read, 12191.000000, 12191, 12191, 12191, 12191
Seq_Read, 10900.000000, 10900, 10900, 10900, 10900
Seq_Read, 11651.000000, 11651, 11651, 11651, 11651
Seq_Read, 12063.000000, 12063, 12063, 12063, 12063
Seq_Read, 13197.000000, 13197, 13197, 13197, 13197
Seq_Read, 11060.000000, 11060, 11060, 11060, 11060
Seq_Read, 13230.000000, 13230, 13230, 13230, 13230
Seq_Read, 13600.000000, 13600, 13600, 13600, 13600
Seq_Read, 10909.000000, 10909, 10909, 10909, 10909
Seq_Read, 11800.000000, 11800, 11800, 11800, 11800
Seq_Read, 12303.000000, 12303, 12303, 12303, 12303
Seq_Read, 13685.000000, 13685, 13685, 13685, 13685
Seq_Read, 11951.000000, 11951, 11951, 11951, 11951
Seq_Read, 13375.000000, 13375, 13375, 13375, 13375
Seq_Read, 12618.000000, 12618, 12618, 12618, 12618
Seq_Read, 10691.000000, 10691, 10691, 10691, 10691
Seq_Read, 11949.000000, 11949, 11949, 11949, 11949
Seq_Read, 12297.000000, 12297, 12297, 12297, 12297
Seq_Read, 15018.000000, 15018, 15018, 15018, 15018
Seq_Read, 11867.000000, 11867, 11867, 11867, 11867
Seq_Read, 12218.000000, 12218, 12218, 12218, 12218
Seq_Read, 13175.000000, 13175, 13175, 13175, 13175
Seq_Read, 13276.000000, 13276, 13276, 13276, 13276
Seq_Read, 12539.000000, 12539, 12539, 12539, 12539
Seq_Read, 12385.000000, 12385, 12385, 12385, 12385
Seq_Read, 13852.000000, 13852, 13852, 13852, 13852
Seq_Read, 11918.000000, 11918, 11918, 11918, 11918
Seq_Read, 12924.000000, 12924, 12924, 12924, 12924
Seq_Read, 12960.000000, 12960, 12960, 12960, 12960
Seq_Read, 12606.000000, 12606, 12606, 12606, 12606
Seq_Read, 12927.000000, 12927, 12927, 12927, 12927
Seq_Read, 11934.000000, 11934, 11934, 11934, 11934
Seq_Read, 9155.000000, 9155, 9155, 9155, 9155
Seq_Read, 11427.000000, 11427, 11427, 11427, 11427
Seq_Read, 12351.000000, 12351, 12351, 12351, 12351
Seq_Read, 9079.000000, 9079, 9079, 9079, 9079
Seq_Read, 10876.000000, 10876, 10876, 10876, 10876
Seq_Read, 9509.000000, 9509, 9509, 9509, 9509
Seq_Read, 8509.000000, 8509, 8509, 8509, 8509
Seq_Read, 8955.000000, 8955, 8955, 8955, 8955
Seq_Read, 9791.000000, 9791, 9791, 9791, 9791
Seq_Read, 9273.000000, 9273, 9273, 9273, 9273
Seq_Read, 9500.000000, 9500, 9500, 9500, 9500
Seq_Read, 10961.000000, 10961, 10961, 10961, 10961
Seq_Read, 9673.000000, 9673, 9673, 9673, 9673
Seq_Read, 11103.000000, 11103, 11103, 11103, 11103
Seq_Read, 9503.000000, 9503, 9503, 9503, 9503
Seq_Read, 8915.000000, 8915, 8915, 8915, 8915
Seq_Read, 9079.000000, 9079, 9079, 9079, 9079
Seq_Read, 8827.000000, 8827, 8827, 8827, 8827
Seq_Read, 8454.000000, 8454, 8454, 8454, 8454
Seq_Read, 11303.000000, 11303, 11303, 11303, 11303
Seq_Read, 9030.000000, 9030, 9030, 9030, 9030
Seq_Read, 9115.000000, 9115, 9115, 9115, 9115
Seq_Read, 8222.000000, 8222, 8222, 8222, 8222
Seq_Read, 14452.000000, 14452, 14452, 14452, 14452
Seq_Read, 9261.000000, 9261, 9261, 9261, 9261
Seq_Read, 10209.000000, 10209, 10209, 10209, 10209
Seq_Read, 8979.000000, 8979, 8979, 8979, 8979
Seq_Read, 8700.000000, 8700, 8700, 8700, 8700
Seq_Read, 8921.000000, 8921, 8921, 8921, 8921
Seq_Read, 10627.000000, 10627, 10627, 10627, 10627
Seq_Read, 10500.000000, 10500, 10500, 10500, 10500
Seq_Read, 10503.000000, 10503, 10503, 10503, 10503
Seq_Read, 10252.000000, 10252, 10252, 10252, 10252
Seq_Read, 7976.000000, 7976, 7976, 7976, 7976
Seq_Read, 9758.000000, 9758, 9758, 9758, 9758
Seq_Read, 10863.000000, 10863, 10863, 10863, 10863
Seq_Read, 8897.000000, 8897, 8897, 8897, 8897
Seq_Read, 10094.000000, 10094, 10094, 10094, 10094
Seq_Read, 10052.000000, 10052, 10052, 10052, 10052
Seq_Read, 9852.000000, 9852, 9852, 9852, 9852
Seq_Read, 8888.000000, 8888, 8888, 8888, 8888
Seq_Read, 10382.000000, 10382, 10382, 10382, 10382
Seq_Read, 14278.000000, 14278, 14278, 14278, 14278
Seq_Read, 12782.000000, 12782, 12782, 12782, 12782
Seq_Read, 11994.000000, 11994, 11994, 11994, 11994
Seq_Read, 12721.000000, 12721, 12721, 12721, 12721
Seq_Read, 9782.000000, 9782, 9782, 9782, 9782
Seq_Read, 12418.000000, 12418, 12418, 12418, 12418
Seq_Read, 11242.000000, 11242, 11242, 11242, 11242
Seq_Read, 12279.000000, 12279, 12279, 12279, 12279
Seq_Read, 12591.000000, 12591, 12591, 12591, 12591
Seq_Read, 10694.000000, 10694, 10694, 10694, 10694
Seq_Read, 26837.000000, 26837, 26837, 26837, 26837
Seq_Read, 13163.000000, 13163, 13163, 13163, 13163
Seq_Read, 12124.000000, 12124, 12124, 12124, 12124
Seq_Read, 13212.000000, 13212, 13212, 13212, 13212
Seq_Read, 13806.000000, 13806, 13806, 13806, 13806
Seq_Read, 13788.000000, 13788, 13788, 13788, 13788
Seq_Read, 12555.000000, 12555, 12555, 12555, 12555
Seq_Read, 13091.000000, 13091, 13091, 13091, 13091
Seq_Read, 12430.000000, 12430, 12430, 12430, 12430
Seq_Read, 12606.000000, 12606, 12606, 12606, 12606
Seq_Read, 13785.000000, 13785, 13785, 13785, 13785
Seq_Read, 12549.000000, 12549, 12549, 12549, 12549
Seq_Read, 10388.000000, 10388, 10388, 10388, 10388
Seq_Read, 11848.000000, 11848, 11848, 11848, 11848
Seq_Read, 12570.000000, 12570, 12570, 12570, 12570
Seq_Read, 14003.000000, 14003, 14003, 14003, 14003
Seq_Read, 11179.000000, 11179, 11179, 11179, 11179
Seq_Read, 11827.000000, 11827, 11827, 11827, 11827
Seq_Read, 13454.000000, 13454, 13454, 13454, 13454
Seq_Read, 12015.000000, 12015, 12015, 12015, 12015
Seq_Read, 9879.000000, 9879, 9879, 9879, 9879
Seq_Read, 11700.000000, 11700, 11700, 11700, 11700
Seq_Read, 11282.000000, 11282, 11282, 11282, 11282
Seq_Read, 13188.000000, 13188, 13188, 13188, 13188
Seq_Read, 9957.000000, 9957, 9957, 9957, 9957
Seq_Read, 13900.000000, 13900, 13900, 13900, 13900
Seq_Read, 11063.000000, 11063, 11063, 11063, 11063
Seq_Read, 11460.000000, 11460, 11460, 11460, 11460
Seq_Read, 8567.000000, 8567, 8567, 8567, 8567
Seq_Read, 11136.000000, 11136, 11136, 11136, 11136
Seq_Read, 12137.000000, 12137, 12137, 12137, 12137
Seq_Read, 12630.000000, 12630, 12630, 12630, 12630
Seq_Read, 12715.000000, 12715, 12715, 12715, 12715
Seq_Read, 12803.000000, 12803, 12803, 12803, 12803
Seq_Read, 13812.000000, 13812, 13812, 13812, 13812
Seq_Read, 9506.000000, 9506, 9506, 9506, 9506
Seq_Read, 10409.000000, 10409, 10409, 10409, 10409
Seq_Read, 12373.000000, 12373, 12373, 12373, 12373
Seq_Read, 11560.000000, 11560, 11560, 11560, 11560
Seq_Read, 11464.000000, 11464, 11464, 11464, 11464
Seq_Read, 11949.000000, 11949, 11949, 11949, 11949
Seq_Read, 11627.000000, 11627, 11627, 11627, 11627
Seq_Read, 12728.000000, 12728, 12728, 12728, 12728
Seq_Read, 10324.000000, 10324, 10324, 10324, 10324
Seq_Read, 11639.000000, 11639, 11639, 11639, 11639
Seq_Read, 11769.000000, 11769, 11769, 11769, 11769
Seq_Read, 10352.000000, 10352, 10352, 10352, 10352
Seq_Read, 10991.000000, 10991, 10991, 10991, 10991
Seq_Read, 12533.000000, 12533, 12533, 12533, 12533
Seq_Read, 10755.000000, 10755, 10755, 10755, 10755
Seq_Read, 11903.000000, 11903, 11903, 11903, 11903
Seq_Read, 12827.000000, 12827, 12827, 12827, 12827
Seq_Read, 10016.000000, 10016, 10016, 10016, 10016
Seq_Read, 13203.000000, 13203, 13203, 13203, 13203
Seq_Read, 13915.000000, 13915, 13915, 13915, 13915
Seq_Read, 12354.000000, 12354, 12354, 12354, 12354
Seq_Read, 11897.000000, 11897, 11897, 11897, 11897
Seq_Read, 12912.000000, 12912, 12912, 12912, 12912
Seq_Read, 12588.000000, 12588, 12588, 12588, 12588
Seq_Read, 12742.000000, 12742, 12742, 12742, 12742
Seq_Read, 11212.000000, 11212, 11212, 11212, 11212
Seq_Read, 11403.000000, 11403, 11403, 11403, 11403
Seq_Read, 13033.000000, 13033, 13033, 13033, 13033
Seq_Read, 13018.000000, 13018, 13018, 13018, 13018
Seq_Read, 10818.000000, 10818, 10818, 10818, 10818
Seq_Read, 11654.000000, 11654, 11654, 11654, 11654
Seq_Read, 13372.000000, 13372, 13372, 13372, 13372
Seq_Read, 31185.000000, 31185, 31185, 31185, 31185
Seq_Read, 12897.000000, 12897, 12897, 12897, 12897
Seq_Read, 13400.000000, 13400, 13400, 13400, 13400
Seq_Read, 13255.000000, 13255, 13255, 13255, 13255
Seq_Read, 13212.000000, 13212, 13212, 13212, 13212
Seq_Read, 11722.000000, 11722, 11722, 11722, 11722
Seq_Read, 13858.000000, 13858, 13858, 13858, 13858
Seq_Read, 13288.000000, 13288, 13288, 13288, 13288
Seq_Read, 11961.000000, 11961, 11961, 11961, 11961
Seq_Read, 12415.000000, 12415, 12415, 12415, 12415
Seq_Read, 13636.000000, 13636, 13636, 13636, 13636
Seq_Read, 13770.000000, 13770, 13770, 13770, 13770
Seq_Read, 10955.000000, 10955, 10955, 10955, 10955
Seq_Read, 12076.000000, 12076, 12076, 12076, 12076
Seq_Read, 12485.000000, 12485, 12485, 12485, 12485
Seq_Read, 12888.000000, 12888, 12888, 12888, 12888
Seq_Read, 12142.000000, 12142, 12142, 12142, 12142
Seq_Read, 12521.000000, 12521, 12521, 12521, 12521
Seq_Read, 11509.000000, 11509, 11509, 11509, 11509
Seq_Read, 13197.000000, 13197, 13197, 13197, 13197
Seq_Read, 13312.000000, 13312, 13312, 13312, 13312
Seq_Read, 13006.000000, 13006, 13006, 13006, 13006
Seq_Read, 13700.000000, 13700, 13700, 13700, 13700
Seq_Read, 13633.000000, 13633, 13633, 13633, 13633
Seq_Read, 13906.000000, 13906, 13906, 13906, 13906
Seq_Read, 13679.000000, 13679, 13679, 13679, 13679
Seq_Read, 11291.000000, 11291, 11291, 11291, 11291
Seq_Read, 13452.000000, 13452, 13452, 13452, 13452
Seq_Read, 13221.000000, 13221, 13221, 13221, 13221
Seq_Read, 12509.000000, 12509, 12509, 12509, 12509
Seq_Read, 11842.000000, 11842, 11842, 11842, 11842
Seq_Read, 11897.000000, 11897, 11897, 11897, 11897
Seq_Read, 11612.000000, 11612, 11612, 11612, 11612
Seq_Read, 13163.000000, 13163, 13163, 13163, 13163
Seq_Read, 12149.000000, 12149, 12149, 12149, 12149
Seq_Read, 14206.000000, 14206, 14206, 14206, 14206
Seq_Read, 11479.000000, 11479, 11479, 11479, 11479
Seq_Read, 13321.000000, 13321, 13321, 13321, 13321
Seq_Read, 12749.000000, 12749, 12749, 12749, 12749
Seq_Read, 13264.000000, 13264, 13264, 13264, 13264
Seq_Read, 11682.000000, 11682, 11682, 11682, 11682
Seq_Read, 13158.000000, 13158, 13158, 13158, 13158
Seq_Read, 14339.000000, 14339, 14339, 14339, 14339
Seq_Read, 11243.000000, 11243, 11243, 11243, 11243
Seq_Read, 14057.000000, 14057, 14057, 14057, 14057
Seq_Read, 12052.000000, 12052, 12052, 12052, 12052
Seq_Read, 12688.000000, 12688, 12688, 12688, 12688
Seq_Read, 12409.000000, 12409, 12409, 12409, 12409
Seq_Read, 10821.000000, 10821, 10821, 10821, 10821
Seq_Read, 11612.000000, 11612, 11612, 11612, 11612
Seq_Read, 12912.000000, 12912, 12912, 12912, 12912
Seq_Read, 10591.000000, 10591, 10591, 10591, 10591
Seq_Read, 12530.000000, 12530, 12530, 12530, 12530
Seq_Read, 10591.000000, 10591, 10591, 10591, 10591
Seq_Read, 11152.000000, 11152, 11152, 11152, 11152
Seq_Read, 9488.000000, 9488, 9488, 9488, 9488
Seq_Read, 8939.000000, 8939, 8939, 8939, 8939
Seq_Read, 12051.000000, 12051, 12051, 12051, 12051
Seq_Read, 11761.000000, 11761, 11761, 11761, 11761
Seq_Read, 11933.000000, 11933, 11933, 11933, 11933
Seq_Read, 11315.000000, 11315, 11315, 11315, 11315
Seq_Read, 10803.000000, 10803, 10803, 10803, 10803
Seq_Read, 12930.000000, 12930, 12930, 12930, 12930
Seq_Read, 11315.000000, 11315, 11315, 11315, 11315
Seq_Read, 12006.000000, 12006, 12006, 12006, 12006
Seq_Read, 12545.000000, 12545, 12545, 12545, 12545
Seq_Read, 14806.000000, 14806, 14806, 14806, 14806
Seq_Read, 10963.000000, 10963, 10963, 10963, 10963
Seq_Read, 12184.000000, 12184, 12184, 12184, 12184
Seq_Read, 11676.000000, 11676, 11676, 11676, 11676
Seq_Read, 10267.000000, 10267, 10267, 10267, 10267
Seq_Read, 10949.000000, 10949, 10949, 10949, 10949
Seq_Read, 10121.000000, 10121, 10121, 10121, 10121
Seq_Read, 10276.000000, 10276, 10276, 10276, 10276
Seq_Read, 11821.000000, 11821, 11821, 11821, 11821
Seq_Read, 10840.000000, 10840, 10840, 10840, 10840
Seq_Read, 10245.000000, 10245, 10245, 10245, 10245
Seq_Read, 10257.000000, 10257, 10257, 10257, 10257
Seq_Read, 11797.000000, 11797, 11797, 11797, 11797
Seq_Read, 10118.000000, 10118, 10118, 10118, 10118
Seq_Read, 10421.000000, 10421, 10421, 10421, 10421
Seq_Read, 9748.000000, 9748, 9748, 9748, 9748
Seq_Read, 10482.000000, 10482, 10482, 10482, 10482
Seq_Read, 11100.000000, 11100, 11100, 11100, 11100
Seq_Read, 9751.000000, 9751, 9751, 9751, 9751
Seq_Read, 10427.000000, 10427, 10427, 10427, 10427
Seq_Read, 10024.000000, 10024, 10024, 10024, 10024
Seq_Read, 10209.000000, 10209, 10209, 10209, 10209
Seq_Read, 10630.000000, 10630, 10630, 10630, 10630
Seq_Read, 11203.000000, 11203, 11203, 11203, 11203
Seq_Read, 10142.000000, 10142, 10142, 10142, 10142
Seq_Read, 9458.000000, 9458, 9458, 9458, 9458
Seq_Read, 10330.000000, 10330, 10330, 10330, 10330
Seq_Read, 10103.000000, 10103, 10103, 10103, 10103
Seq_Read, 10109.000000, 10109, 10109, 10109, 10109
Seq_Read, 9197.000000, 9197, 9197, 9197, 9197
Seq_Read, 9934.000000, 9934, 9934, 9934, 9934
Seq_Read, 10328.000000, 10328, 10328, 10328, 10328
Seq_Read, 9585.000000, 9585, 9585, 9585, 9585
Seq_Read, 13342.000000, 13342, 13342, 13342, 13342
Seq_Read, 9355.000000, 9355, 9355, 9355, 9355
Seq_Read, 9428.000000, 9428, 9428, 9428, 9428
Seq_Read, 8888.000000, 8888, 8888, 8888, 8888
Seq_Read, 9146.000000, 9146, 9146, 9146, 9146
Seq_Read, 9973.000000, 9973, 9973, 9973, 9973
Seq_Read, 8852.000000, 8852, 8852, 8852, 8852
Seq_Read, 8527.000000, 8527, 8527, 8527, 8527
Seq_Read, 9067.000000, 9067, 9067, 9067, 9067
Seq_Read, 8903.000000, 8903, 8903, 8903, 8903
Seq_Read, 9149.000000, 9149, 9149, 9149, 9149
Seq_Read, 10136.000000, 10136, 10136, 10136, 10136
Seq_Read, 10524.000000, 10524, 10524, 10524, 10524
Seq_Read, 9234.000000, 9234, 9234, 9234, 9234
Seq_Read, 9842.000000, 9842, 9842, 9842, 9842
Seq_Read, 10027.000000, 10027, 10027, 10027, 10027
Seq_Read, 9231.000000, 9231, 9231, 9231, 9231
Seq_Read, 9675.000000, 9675, 9675, 9675, 9675
Seq_Read, 9121.000000, 9121, 9121, 9121, 9121
Seq_Read, 9940.000000, 9940, 9940, 9940, 9940
Seq_Read, 9682.000000, 9682, 9682, 9682, 9682
Seq_Read, 9051.000000, 9051, 9051, 9051, 9051
Seq_Read, 8824.000000, 8824, 8824, 8824, 8824
Seq_Read, 8779.000000, 8779, 8779, 8779, 8779
Seq_Read, 9069.000000, 9069, 9069, 9069, 9069
Seq_Read, 8791.000000, 8791, 8791, 8791, 8791
Seq_Read, 8766.000000, 8766, 8766, 8766, 8766
Seq_Read, 8891.000000, 8891, 8891, 8891, 8891
Seq_Read, 9406.000000, 9406, 9406, 9406, 9406
Seq_Read, 9251.000000, 9251, 9251, 9251, 9251
Seq_Read, 9788.000000, 9788, 9788, 9788, 9788
Seq_Read, 9100.000000, 9100, 9100, 9100, 9100
Seq_Read, 8251.000000, 8251, 8251, 8251, 8251
Seq_Read, 10222.000000, 10222, 10222, 10222, 10222
Seq_Read, 9376.000000, 9376, 9376, 9376, 9376
Seq_Read, 9712.000000, 9712, 9712, 9712, 9712
Seq_Read, 12657.000000, 12657, 12657, 12657, 12657
Seq_Read, 8939.000000, 8939, 8939, 8939, 8939
Seq_Read, 7933.000000, 7933, 7933, 7933, 7933
Seq_Read, 9158.000000, 9158, 9158, 9158, 9158
Seq_Read, 6988.000000, 6988, 6988, 6988, 6988
Seq_Read, 8079.000000, 8079, 8079, 8079, 8079
Seq_Read, 8673.000000, 8673, 8673, 8673, 8673
Seq_Read, 9248.000000, 9248, 9248, 9248, 9248
Seq_Read, 7624.000000, 7624, 7624, 7624, 7624
Seq_Read, 8625.000000, 8625, 8625, 8625, 8625
Seq_Read, 8667.000000, 8667, 8667, 8667, 8667
Seq_Read, 8742.000000, 8742, 8742, 8742, 8742
Seq_Read, 7518.000000, 7518, 7518, 7518, 7518
Seq_Read, 9264.000000, 9264, 9264, 9264, 9264
Seq_Read, 7955.000000, 7955, 7955, 7955, 7955
Seq_Read, 8330.000000, 8330, 8330, 8330, 8330
Seq_Read, 8443.000000, 8443, 8443, 8443, 8443
Seq_Read, 9154.000000, 9154, 9154, 9154, 9154
Seq_Read, 7663.000000, 7663, 7663, 7663, 7663
Seq_Read, 7588.000000, 7588, 7588, 7588, 7588
Seq_Read, 7576.000000, 7576, 7576, 7576, 7576
Seq_Read, 8485.000000, 8485, 8485, 8485, 8485
Seq_Read, 10246.000000, 10246, 10246, 10246, 10246
Seq_Read, 8239.000000, 8239, 8239, 8239, 8239
Seq_Read, 8573.000000, 8573, 8573, 8573, 8573
Seq_Read, 8682.000000, 8682, 8682, 8682, 8682
Seq_Read, 9309.000000, 9309, 9309, 9309, 9309
Seq_Read, 9306.000000, 9306, 9306, 9306, 9306
Seq_Read, 8424.000000, 8424, 8424, 8424, 8424
Seq_Read, 7997.000000, 7997, 7997, 7997, 7997
Seq_Read, 8221.000000, 8221, 8221, 8221, 8221
Seq_Read, 8730.000000, 8730, 8730, 8730, 8730
Seq_Read, 10754.000000, 10754, 10754, 10754, 10754
Seq_Read, 12816.000000, 12816, 12816, 12816, 12816
Seq_Read, 13279.000000, 13279, 13279, 13279, 13279
Seq_Read, 13388.000000, 13388, 13388, 13388, 13388
Seq_Read, 13770.000000, 13770, 13770, 13770, 13770
Seq_Read, 237283744.000000, 237283744, 237283744, 237283744, 237283744
Seq_Read, 236850483.000000, 236850483, 236850483, 236850483, 236850483
Seq_Read, 236703444.000000, 236703444, 236703444, 236703444, 236703444
Seq_Read, 237483059.000000, 237483059, 237483059, 237483059, 237483059
Seq_Read, 237449877.000000, 237449877, 237449877, 237449877, 237449877
Seq_Read, 238022135.000000, 238022135, 238022135, 238022135, 238022135
Seq_Read, 238739244.000000, 238739244, 238739244, 238739244, 238739244
Seq_Read, 237627423.000000, 237627423, 237627423, 237627423, 237627423
Seq_Read, 238211302.000000, 238211302, 238211302, 238211302, 238211302
Seq_Read, 9988.000000, 9988, 9988, 9988, 9988
Seq_Read, 238832805.000000, 238832805, 238832805, 238832805, 238832805
Seq_Read, 239308120.000000, 239308120, 239308120, 239308120, 239308120
Seq_Read, 239923823.000000, 239923823, 239923823, 239923823, 239923823
Seq_Read, 9554.000000, 9554, 9554, 9554, 9554
Seq_Read, 239059141.000000, 239059141, 239059141, 239059141, 239059141
Seq_Read, 13521.000000, 13521, 13521, 13521, 13521
Seq_Read, 240394178.000000, 240394178, 240394178, 240394178, 240394178
Seq_Read, 13352.000000, 13352, 13352, 13352, 13352
Seq_Read, 13488.000000, 13488, 13488, 13488, 13488
Seq_Read, 236423379.000000, 236423379, 236423379, 236423379, 236423379
Seq_Read, 239877724.000000, 239877724, 239877724, 239877724, 239877724
Seq_Read, 241442214.000000, 241442214, 241442214, 241442214, 241442214
Seq_Read, 14903.000000, 14903, 14903, 14903, 14903
Seq_Read, 160215239.000000, 160215239, 160215239, 160215239, 160215239
Seq_Read, 242298531.000000, 242298531, 242298531, 242298531, 242298531
Seq_Read, 67171613.000000, 67171613, 67171613, 67171613, 67171613
Seq_Read, 189128642.000000, 189128642, 189128642, 189128642, 189128642
Seq_Read, 114467886.000000, 114467886, 114467886, 114467886, 114467886
Seq_Read, 148384185.000000, 148384185, 148384185, 148384185, 148384185
Seq_Read, 14736.000000, 14736, 14736, 14736, 14736
Seq_Read, 139771854.000000, 139771854, 139771854, 139771854, 139771854
Seq_Read, 14033.000000, 14033, 14033, 14033, 14033
Seq_Read, 69765837.000000, 69765837, 69765837, 69765837, 69765837
Seq_Read, 14318.000000, 14318, 14318, 14318, 14318
Seq_Read, 11367.000000, 11367, 11367, 11367, 11367
Seq_Read, 154096842.000000, 154096842, 154096842, 154096842, 154096842
Seq_Read, 71785882.000000, 71785882, 71785882, 71785882, 71785882
Seq_Read, 202016449.000000, 202016449, 202016449, 202016449, 202016449
Seq_Read, 15103.000000, 15103, 15103, 15103, 15103
Seq_Read, 9533.000000, 9533, 9533, 9533, 9533
Seq_Read, 8766.000000, 8766, 8766, 8766, 8766
Seq_Read, 81149772.000000, 81149772, 81149772, 81149772, 81149772
Seq_Read, 7906.000000, 7906, 7906, 7906, 7906
Seq_Read, 94862658.000000, 94862658, 94862658, 94862658, 94862658
Seq_Read, 246129131.000000, 246129131, 246129131, 246129131, 246129131
Seq_Read, 8048.000000, 8048, 8048, 8048, 8048
Seq_Read, 13488.000000, 13488, 13488, 13488, 13488
Seq_Read, 7997.000000, 7997, 7997, 7997, 7997
Seq_Read, 8328.000000, 8328, 8328, 8328, 8328
Seq_Read, 212182254.000000, 212182254, 212182254, 212182254, 212182254
Seq_Read, 9046.000000, 9046, 9046, 9046, 9046
Seq_Read, 8140.000000, 8140, 8140, 8140, 8140
Seq_Read, 14085.000000, 14085, 14085, 14085, 14085
Seq_Read, 8582.000000, 8582, 8582, 8582, 8582
Seq_Read, 25339501.000000, 25339501, 25339501, 25339501, 25339501
Seq_Read, 5117076.000000, 5117076, 5117076, 5117076, 5117076
