Seq_Read, 18824.000000, 18824, 18824, 18824, 18824
Seq_Read, 17872.000000, 17872, 17872, 17872, 17872
Seq_Read, 19396.000000, 19396, 19396, 19396, 19396
Seq_Read, 25675.000000, 25675, 25675, 25675, 25675
Seq_Read, 15017.000000, 15017, 15017, 15017, 15017
Seq_Read, 15209.000000, 15209, 15209, 15209, 15209
Seq_Read, 9288.000000, 9288, 9288, 9288, 9288
Seq_Read, 7940.000000, 7940, 7940, 7940, 7940
Seq_Read, 7391.000000, 7391, 7391, 7391, 7391
Seq_Read, 7209.000000, 7209, 7209, 7209, 7209
Seq_Read, 7809.000000, 7809, 7809, 7809, 7809
Seq_Read, 6669.000000, 6669, 6669, 6669, 6669
Seq_Read, 7063.000000, 7063, 7063, 7063, 7063
Seq_Read, 6788.000000, 6788, 6788, 6788, 6788
Seq_Read, 7085.000000, 7085, 7085, 7085, 7085
Seq_Read, 6440.000000, 6440, 6440, 6440, 6440
Seq_Read, 6743.000000, 6743, 6743, 6743, 6743
Seq_Read, 6333.000000, 6333, 6333, 6333, 6333
Seq_Read, 6506.000000, 6506, 6506, 6506, 6506
Seq_Read, 18896.000000, 18896, 18896, 18896, 18896
Seq_Read, 7588.000000, 7588, 7588, 7588, 7588
Seq_Read, 7334.000000, 7334, 7334, 7334, 7334
Seq_Read, 6512.000000, 6512, 6512, 6512, 6512
Seq_Read, 6655.000000, 6655, 6655, 6655, 6655
Seq_Read, 7651.000000, 7651, 7651, 7651, 7651
Seq_Read, 6588.000000, 6588, 6588, 6588, 6588
Seq_Read, 7515.000000, 7515, 7515, 7515, 7515
Seq_Read, 20745.000000, 20745, 20745, 20745, 20745
Seq_Read, 13221.000000, 13221, 13221, 13221, 13221
Seq_Read, 22678.000000, 22678, 22678, 22678, 22678
Seq_Read, 22782.000000, 22782, 22782, 22782, 22782
Seq_Read, 24248.000000, 24248, 24248, 24248, 24248
Seq_Read, 25761.000000, 25761, 25761, 25761, 25761
Seq_Read, 23145.000000, 23145, 23145, 23145, 23145
Seq_Read, 23549.000000, 23549, 23549, 23549, 23549
Seq_Read, 10094.000000, 10094, 10094, 10094, 10094
Seq_Read, 37106249.000000, 37106249, 37106249, 37106249, 37106249
Seq_Read, 11767.000000, 11767, 11767, 11767, 11767
Seq_Read, 6588.000000, 6588, 6588, 6588, 6588
Seq_Read, 6146.000000, 6146, 6146, 6146, 6146
Seq_Read, 7063.000000, 7063, 7063, 7063, 7063
Seq_Read, 6564.000000, 6564, 6564, 6564, 6564
Seq_Read, 6697.000000, 6697, 6697, 6697, 6697
Seq_Read, 6933.000000, 6933, 6933, 6933, 6933
Seq_Read, 6291.000000, 6291, 6291, 6291, 6291
Seq_Read, 6776.000000, 6776, 6776, 6776, 6776
Seq_Read, 7225.000000, 7225, 7225, 7225, 7225
Seq_Read, 6346.000000, 6346, 6346, 6346, 6346
Seq_Read, 4776.000000, 4776, 4776, 4776, 4776
Seq_Read, 5137.000000, 5137, 5137, 5137, 5137
Seq_Read, 7327.000000, 7327, 7327, 7327, 7327
Seq_Read, 5640.000000, 5640, 5640, 5640, 5640
Seq_Read, 7115.000000, 7115, 7115, 7115, 7115
Seq_Read, 6430.000000, 6430, 6430, 6430, 6430
Seq_Read, 7242.000000, 7242, 7242, 7242, 7242
Seq_Read, 6036.000000, 6036, 6036, 6036, 6036
Seq_Read, 5424.000000, 5424, 5424, 5424, 5424
Seq_Read, 4827.000000, 4827, 4827, 4827, 4827
Seq_Read, 4400.000000, 4400, 4400, 4400, 4400
Seq_Read, 4082.000000, 4082, 4082, 4082, 4082
Seq_Read, 6379.000000, 6379, 6379, 6379, 6379
Seq_Read, 6815.000000, 6815, 6815, 6815, 6815
Seq_Read, 5709.000000, 5709, 5709, 5709, 5709
Seq_Read, 7294.000000, 7294, 7294, 7294, 7294
Seq_Read, 6955.000000, 6955, 6955, 6955, 6955
Seq_Read, 7606.000000, 7606, 7606, 7606, 7606
Seq_Read, 7058.000000, 7058, 7058, 7058, 7058
Seq_Read, 8873.000000, 8873, 8873, 8873, 8873
Seq_Read, 6560.000000, 6560, 6560, 6560, 6560
Seq_Read, 5055.000000, 5055, 5055, 5055, 5055
Seq_Read, 6009.000000, 6009, 6009, 6009, 6009
Seq_Read, 4700.000000, 4700, 4700, 4700, 4700
Seq_Read, 5049.000000, 5049, 5049, 5049, 5049
Seq_Read, 5669.000000, 5669, 5669, 5669, 5669
Seq_Read, 6752.000000, 6752, 6752, 6752, 6752
Seq_Read, 6997.000000, 6997, 6997, 6997, 6997
Seq_Read, 6676.000000, 6676, 6676, 6676, 6676
Seq_Read, 6315.000000, 6315, 6315, 6315, 6315
Seq_Read, 6815.000000, 6815, 6815, 6815, 6815
Seq_Read, 6300.000000, 6300, 6300, 6300, 6300
Seq_Read, 6812.000000, 6812, 6812, 6812, 6812
Seq_Read, 6628.000000, 6628, 6628, 6628, 6628
Seq_Read, 5888.000000, 5888, 5888, 5888, 5888
Seq_Read, 6694.000000, 6694, 6694, 6694, 6694
Seq_Read, 6667.000000, 6667, 6667, 6667, 6667
Seq_Read, 6342.000000, 6342, 6342, 6342, 6342
Seq_Read, 6909.000000, 6909, 6909, 6909, 6909
Seq_Read, 6209.000000, 6209, 6209, 6209, 6209
Seq_Read, 7297.000000, 7297, 7297, 7297, 7297
Seq_Read, 6743.000000, 6743, 6743, 6743, 6743
Seq_Read, 7579.000000, 7579, 7579, 7579, 7579
Seq_Read, 6418.000000, 6418, 6418, 6418, 6418
Seq_Read, 7955.000000, 7955, 7955, 7955, 7955
Seq_Read, 6594.000000, 6594, 6594, 6594, 6594
Seq_Read, 6558.000000, 6558, 6558, 6558, 6558
Seq_Read, 6057.000000, 6057, 6057, 6057, 6057
Seq_Read, 7033.000000, 7033, 7033, 7033, 7033
Seq_Read, 7548.000000, 7548, 7548, 7548, 7548
Seq_Read, 6524.000000, 6524, 6524, 6524, 6524
Seq_Read, 6691.000000, 6691, 6691, 6691, 6691
Seq_Read, 5270.000000, 5270, 5270, 5270, 5270
Seq_Read, 4730.000000, 4730, 4730, 4730, 4730
Seq_Read, 4467.000000, 4467, 4467, 4467, 4467
Seq_Read, 5094.000000, 5094, 5094, 5094, 5094
Seq_Read, 5370.000000, 5370, 5370, 5370, 5370
Seq_Read, 4415.000000, 4415, 4415, 4415, 4415
Seq_Read, 6534.000000, 6534, 6534, 6534, 6534
Seq_Read, 6821.000000, 6821, 6821, 6821, 6821
Seq_Read, 4861.000000, 4861, 4861, 4861, 4861
Seq_Read, 4600.000000, 4600, 4600, 4600, 4600
Seq_Read, 5767.000000, 5767, 5767, 5767, 5767
Seq_Read, 6733.000000, 6733, 6733, 6733, 6733
Seq_Read, 6763.000000, 6763, 6763, 6763, 6763
Seq_Read, 4176.000000, 4176, 4176, 4176, 4176
Seq_Read, 8006.000000, 8006, 8006, 8006, 8006
Seq_Read, 6085.000000, 6085, 6085, 6085, 6085
Seq_Read, 4615.000000, 4615, 4615, 4615, 4615
Seq_Read, 4721.000000, 4721, 4721, 4721, 4721
Seq_Read, 4309.000000, 4309, 4309, 4309, 4309
Seq_Read, 5888.000000, 5888, 5888, 5888, 5888
Seq_Read, 4524.000000, 4524, 4524, 4524, 4524
Seq_Read, 4897.000000, 4897, 4897, 4897, 4897
Seq_Read, 4721.000000, 4721, 4721, 4721, 4721
Seq_Read, 5088.000000, 5088, 5088, 5088, 5088
Seq_Read, 4921.000000, 4921, 4921, 4921, 4921
Seq_Read, 6585.000000, 6585, 6585, 6585, 6585
Seq_Read, 5243.000000, 5243, 5243, 5243, 5243
Seq_Read, 5488.000000, 5488, 5488, 5488, 5488
Seq_Read, 4788.000000, 4788, 4788, 4788, 4788
Seq_Read, 4309.000000, 4309, 4309, 4309, 4309
Seq_Read, 4760.000000, 4760, 4760, 4760, 4760
Seq_Read, 4579.000000, 4579, 4579, 4579, 4579
Seq_Read, 5560.000000, 5560, 5560, 5560, 5560
Seq_Read, 4930.000000, 4930, 4930, 4930, 4930
Seq_Read, 4570.000000, 4570, 4570, 4570, 4570
Seq_Read, 4155.000000, 4155, 4155, 4155, 4155
Seq_Read, 4046.000000, 4046, 4046, 4046, 4046
Seq_Read, 5375.000000, 5375, 5375, 5375, 5375
Seq_Read, 4370.000000, 4370, 4370, 4370, 4370
Seq_Read, 4554.000000, 4554, 4554, 4554, 4554
Seq_Read, 4597.000000, 4597, 4597, 4597, 4597
Seq_Read, 4612.000000, 4612, 4612, 4612, 4612
Seq_Read, 6033.000000, 6033, 6033, 6033, 6033
Seq_Read, 7991.000000, 7991, 7991, 7991, 7991
Seq_Read, 6030.000000, 6030, 6030, 6030, 6030
Seq_Read, 6258.000000, 6258, 6258, 6258, 6258
Seq_Read, 6712.000000, 6712, 6712, 6712, 6712
Seq_Read, 6355.000000, 6355, 6355, 6355, 6355
Seq_Read, 6891.000000, 6891, 6891, 6891, 6891
Seq_Read, 6770.000000, 6770, 6770, 6770, 6770
Seq_Read, 7030.000000, 7030, 7030, 7030, 7030
Seq_Read, 12609.000000, 12609, 12609, 12609, 12609
Seq_Read, 6321.000000, 6321, 6321, 6321, 6321
Seq_Read, 30606560.000000, 30606560, 30606560, 30606560, 30606560
Seq_Read, 7306.000000, 7306, 7306, 7306, 7306
Seq_Read, 29766524.000000, 29766524, 29766524, 29766524, 29766524
Seq_Read, 6282.000000, 6282, 6282, 6282, 6282
Seq_Read, 6058.000000, 6058, 6058, 6058, 6058
Seq_Read, 6976.000000, 6976, 6976, 6976, 6976
Seq_Read, 32909046.000000, 32909046, 32909046, 32909046, 32909046
Seq_Read, 7939.000000, 7939, 7939, 7939, 7939
Seq_Read, 6782.000000, 6782, 6782, 6782, 6782
Seq_Read, 6775.000000, 6775, 6775, 6775, 6775
Seq_Read, 46760897.000000, 46760897, 46760897, 46760897, 46760897
Seq_Read, 76288006.000000, 76288006, 76288006, 76288006, 76288006
Seq_Read, 8839.000000, 8839, 8839, 8839, 8839
Seq_Read, 7891.000000, 7891, 7891, 7891, 7891
Seq_Read, 6294.000000, 6294, 6294, 6294, 6294
Seq_Read, 5891.000000, 5891, 5891, 5891, 5891
Seq_Read, 5948.000000, 5948, 5948, 5948, 5948
Seq_Read, 6634.000000, 6634, 6634, 6634, 6634
Seq_Read, 7058.000000, 7058, 7058, 7058, 7058
Seq_Read, 6988.000000, 6988, 6988, 6988, 6988
Seq_Read, 6678.000000, 6678, 6678, 6678, 6678
Seq_Read, 7939.000000, 7939, 7939, 7939, 7939
Seq_Read, 8130.000000, 8130, 8130, 8130, 8130
Seq_Read, 6758.000000, 6758, 6758, 6758, 6758
Seq_Read, 8291.000000, 8291, 8291, 8291, 8291
Seq_Read, 8106.000000, 8106, 8106, 8106, 8106
Seq_Read, 7221.000000, 7221, 7221, 7221, 7221
Seq_Read, 8233.000000, 8233, 8233, 8233, 8233
Seq_Read, 6403.000000, 6403, 6403, 6403, 6403
Seq_Read, 6679.000000, 6679, 6679, 6679, 6679
Seq_Read, 7430.000000, 7430, 7430, 7430, 7430
Seq_Read, 6967.000000, 6967, 6967, 6967, 6967
Seq_Read, 6912.000000, 6912, 6912, 6912, 6912
Seq_Read, 6458.000000, 6458, 6458, 6458, 6458
Seq_Read, 6836.000000, 6836, 6836, 6836, 6836
Seq_Read, 7130.000000, 7130, 7130, 7130, 7130
Seq_Read, 9031.000000, 9031, 9031, 9031, 9031
Seq_Read, 7558.000000, 7558, 7558, 7558, 7558
Seq_Read, 8024.000000, 8024, 8024, 8024, 8024
Seq_Read, 7439.000000, 7439, 7439, 7439, 7439
Seq_Read, 7491.000000, 7491, 7491, 7491, 7491
Seq_Read, 6369.000000, 6369, 6369, 6369, 6369
Seq_Read, 8315.000000, 8315, 8315, 8315, 8315
Seq_Read, 7627.000000, 7627, 7627, 7627, 7627
Seq_Read, 7482.000000, 7482, 7482, 7482, 7482
Seq_Read, 6955.000000, 6955, 6955, 6955, 6955
Seq_Read, 7631.000000, 7631, 7631, 7631, 7631
Seq_Read, 7791.000000, 7791, 7791, 7791, 7791
Seq_Read, 7028.000000, 7028, 7028, 7028, 7028
Seq_Read, 6588.000000, 6588, 6588, 6588, 6588
Seq_Read, 7564.000000, 7564, 7564, 7564, 7564
Seq_Read, 8760.000000, 8760, 8760, 8760, 8760
Seq_Read, 6885.000000, 6885, 6885, 6885, 6885
Seq_Read, 7485.000000, 7485, 7485, 7485, 7485
Seq_Read, 7109.000000, 7109, 7109, 7109, 7109
Seq_Read, 7870.000000, 7870, 7870, 7870, 7870
Seq_Read, 6270.000000, 6270, 6270, 6270, 6270
Seq_Read, 7206.000000, 7206, 7206, 7206, 7206
Seq_Read, 7360.000000, 7360, 7360, 7360, 7360
Seq_Read, 7909.000000, 7909, 7909, 7909, 7909
Seq_Read, 7331.000000, 7331, 7331, 7331, 7331
Seq_Read, 6797.000000, 6797, 6797, 6797, 6797
Seq_Read, 5997.000000, 5997, 5997, 5997, 5997
Seq_Read, 6657.000000, 6657, 6657, 6657, 6657
Seq_Read, 5836.000000, 5836, 5836, 5836, 5836
Seq_Read, 5257.000000, 5257, 5257, 5257, 5257
Seq_Read, 5255.000000, 5255, 5255, 5255, 5255
Seq_Read, 4718.000000, 4718, 4718, 4718, 4718
Seq_Read, 4543.000000, 4543, 4543, 4543, 4543
Seq_Read, 5015.000000, 5015, 5015, 5015, 5015
Seq_Read, 4579.000000, 4579, 4579, 4579, 4579
Seq_Read, 4891.000000, 4891, 4891, 4891, 4891
Seq_Read, 5012.000000, 5012, 5012, 5012, 5012
Seq_Read, 4524.000000, 4524, 4524, 4524, 4524
Seq_Read, 4543.000000, 4543, 4543, 4543, 4543
Seq_Read, 4864.000000, 4864, 4864, 4864, 4864
Seq_Read, 4461.000000, 4461, 4461, 4461, 4461
Seq_Read, 4966.000000, 4966, 4966, 4966, 4966
Seq_Read, 5409.000000, 5409, 5409, 5409, 5409
Seq_Read, 5306.000000, 5306, 5306, 5306, 5306
Seq_Read, 4812.000000, 4812, 4812, 4812, 4812
Seq_Read, 7578.000000, 7578, 7578, 7578, 7578
Seq_Read, 5497.000000, 5497, 5497, 5497, 5497
Seq_Read, 5227.000000, 5227, 5227, 5227, 5227
Seq_Read, 5318.000000, 5318, 5318, 5318, 5318
Seq_Read, 5312.000000, 5312, 5312, 5312, 5312
Seq_Read, 5079.000000, 5079, 5079, 5079, 5079
Seq_Read, 5467.000000, 5467, 5467, 5467, 5467
Seq_Read, 5273.000000, 5273, 5273, 5273, 5273
Seq_Read, 5091.000000, 5091, 5091, 5091, 5091
Seq_Read, 5118.000000, 5118, 5118, 5118, 5118
Seq_Read, 4918.000000, 4918, 4918, 4918, 4918
Seq_Read, 5406.000000, 5406, 5406, 5406, 5406
Seq_Read, 4933.000000, 4933, 4933, 4933, 4933
Seq_Read, 5691.000000, 5691, 5691, 5691, 5691
Seq_Read, 5030.000000, 5030, 5030, 5030, 5030
Seq_Read, 5524.000000, 5524, 5524, 5524, 5524
Seq_Read, 5494.000000, 5494, 5494, 5494, 5494
Seq_Read, 5294.000000, 5294, 5294, 5294, 5294
Seq_Read, 4876.000000, 4876, 4876, 4876, 4876
Seq_Read, 5491.000000, 5491, 5491, 5491, 5491
Seq_Read, 5082.000000, 5082, 5082, 5082, 5082
Seq_Read, 5715.000000, 5715, 5715, 5715, 5715
Seq_Read, 4667.000000, 4667, 4667, 4667, 4667
Seq_Read, 5242.000000, 5242, 5242, 5242, 5242
Seq_Read, 7566.000000, 7566, 7566, 7566, 7566
Seq_Read, 7448.000000, 7448, 7448, 7448, 7448
Seq_Read, 9436.000000, 9436, 9436, 9436, 9436
Seq_Read, 6830.000000, 6830, 6830, 6830, 6830
Seq_Read, 8276.000000, 8276, 8276, 8276, 8276
Seq_Read, 6909.000000, 6909, 6909, 6909, 6909
Seq_Read, 6591.000000, 6591, 6591, 6591, 6591
Seq_Read, 7224.000000, 7224, 7224, 7224, 7224
Seq_Read, 6221.000000, 6221, 6221, 6221, 6221
Seq_Read, 7406.000000, 7406, 7406, 7406, 7406
Seq_Read, 7264.000000, 7264, 7264, 7264, 7264
Seq_Read, 7355.000000, 7355, 7355, 7355, 7355
Seq_Read, 7009.000000, 7009, 7009, 7009, 7009
Seq_Read, 6370.000000, 6370, 6370, 6370, 6370
Seq_Read, 6915.000000, 6915, 6915, 6915, 6915
Seq_Read, 7500.000000, 7500, 7500, 7500, 7500
Seq_Read, 7369.000000, 7369, 7369, 7369, 7369
Seq_Read, 7531.000000, 7531, 7531, 7531, 7531
Seq_Read, 7072.000000, 7072, 7072, 7072, 7072
Seq_Read, 7678.000000, 7678, 7678, 7678, 7678
Seq_Read, 6954.000000, 6954, 6954, 6954, 6954
Seq_Read, 6097.000000, 6097, 6097, 6097, 6097
Seq_Read, 5936.000000, 5936, 5936, 5936, 5936
Seq_Read, 7388.000000, 7388, 7388, 7388, 7388
Seq_Read, 6273.000000, 6273, 6273, 6273, 6273
Seq_Read, 6267.000000, 6267, 6267, 6267, 6267
Seq_Read, 6988.000000, 6988, 6988, 6988, 6988
Seq_Read, 7049.000000, 7049, 7049, 7049, 7049
Seq_Read, 6918.000000, 6918, 6918, 6918, 6918
Seq_Read, 8831.000000, 8831, 8831, 8831, 8831
Seq_Read, 7442.000000, 7442, 7442, 7442, 7442
Seq_Read, 6882.000000, 6882, 6882, 6882, 6882
Seq_Read, 5631.000000, 5631, 5631, 5631, 5631
Seq_Read, 4657.000000, 4657, 4657, 4657, 4657
Seq_Read, 10972.000000, 10972, 10972, 10972, 10972
Seq_Read, 10103.000000, 10103, 10103, 10103, 10103
Seq_Read, 42197664.000000, 42197664, 42197664, 42197664, 42197664
Seq_Read, 11203.000000, 11203, 11203, 11203, 11203
Seq_Read, 8961.000000, 8961, 8961, 8961, 8961
Seq_Read, 6721.000000, 6721, 6721, 6721, 6721
Seq_Read, 7218.000000, 7218, 7218, 7218, 7218
Seq_Read, 5170.000000, 5170, 5170, 5170, 5170
Seq_Read, 5315.000000, 5315, 5315, 5315, 5315
Seq_Read, 7267.000000, 7267, 7267, 7267, 7267
Seq_Read, 6761.000000, 6761, 6761, 6761, 6761
Seq_Read, 7219.000000, 7219, 7219, 7219, 7219
Seq_Read, 6024.000000, 6024, 6024, 6024, 6024
Seq_Read, 5136.000000, 5136, 5136, 5136, 5136
Seq_Read, 5215.000000, 5215, 5215, 5215, 5215
Seq_Read, 5145.000000, 5145, 5145, 5145, 5145
Seq_Read, 4576.000000, 4576, 4576, 4576, 4576
Seq_Read, 4379.000000, 4379, 4379, 4379, 4379
Seq_Read, 8045.000000, 8045, 8045, 8045, 8045
Seq_Read, 7400.000000, 7400, 7400, 7400, 7400
Seq_Read, 7597.000000, 7597, 7597, 7597, 7597
Seq_Read, 4797.000000, 4797, 4797, 4797, 4797
Seq_Read, 5721.000000, 5721, 5721, 5721, 5721
Seq_Read, 5545.000000, 5545, 5545, 5545, 5545
Seq_Read, 5061.000000, 5061, 5061, 5061, 5061
Seq_Read, 5691.000000, 5691, 5691, 5691, 5691
Seq_Read, 4809.000000, 4809, 4809, 4809, 4809
Seq_Read, 4615.000000, 4615, 4615, 4615, 4615
Seq_Read, 4845.000000, 4845, 4845, 4845, 4845
Seq_Read, 4943.000000, 4943, 4943, 4943, 4943
Seq_Read, 4985.000000, 4985, 4985, 4985, 4985
Seq_Read, 4782.000000, 4782, 4782, 4782, 4782
Seq_Read, 5021.000000, 5021, 5021, 5021, 5021
Seq_Read, 4515.000000, 4515, 4515, 4515, 4515
Seq_Read, 4818.000000, 4818, 4818, 4818, 4818
Seq_Read, 4682.000000, 4682, 4682, 4682, 4682
Seq_Read, 4536.000000, 4536, 4536, 4536, 4536
Seq_Read, 4763.000000, 4763, 4763, 4763, 4763
Seq_Read, 4791.000000, 4791, 4791, 4791, 4791
Seq_Read, 6791.000000, 6791, 6791, 6791, 6791
Seq_Read, 7434.000000, 7434, 7434, 7434, 7434
Seq_Read, 7064.000000, 7064, 7064, 7064, 7064
Seq_Read, 7852.000000, 7852, 7852, 7852, 7852
Seq_Read, 6215.000000, 6215, 6215, 6215, 6215
Seq_Read, 7066.000000, 7066, 7066, 7066, 7066
Seq_Read, 7094.000000, 7094, 7094, 7094, 7094
Seq_Read, 6773.000000, 6773, 6773, 6773, 6773
Seq_Read, 6388.000000, 6388, 6388, 6388, 6388
Seq_Read, 6864.000000, 6864, 6864, 6864, 6864
Seq_Read, 6576.000000, 6576, 6576, 6576, 6576
Seq_Read, 6497.000000, 6497, 6497, 6497, 6497
Seq_Read, 6309.000000, 6309, 6309, 6309, 6309
Seq_Read, 7403.000000, 7403, 7403, 7403, 7403
Seq_Read, 7336.000000, 7336, 7336, 7336, 7336
Seq_Read, 6606.000000, 6606, 6606, 6606, 6606
Seq_Read, 7215.000000, 7215, 7215, 7215, 7215
Seq_Read, 7206.000000, 7206, 7206, 7206, 7206
Seq_Read, 7669.000000, 7669, 7669, 7669, 7669
Seq_Read, 6851.000000, 6851, 6851, 6851, 6851
Seq_Read, 6176.000000, 6176, 6176, 6176, 6176
Seq_Read, 6797.000000, 6797, 6797, 6797, 6797
Seq_Read, 6843.000000, 6843, 6843, 6843, 6843
Seq_Read, 6472.000000, 6472, 6472, 6472, 6472
Seq_Read, 6249.000000, 6249, 6249, 6249, 6249
Seq_Read, 6888.000000, 6888, 6888, 6888, 6888
Seq_Read, 8460.000000, 8460, 8460, 8460, 8460
Seq_Read, 7563.000000, 7563, 7563, 7563, 7563
Seq_Read, 6521.000000, 6521, 6521, 6521, 6521
Seq_Read, 7667.000000, 7667, 7667, 7667, 7667
Seq_Read, 7639.000000, 7639, 7639, 7639, 7639
Seq_Read, 7288.000000, 7288, 7288, 7288, 7288
Seq_Read, 6751.000000, 6751, 6751, 6751, 6751
Seq_Read, 8740.000000, 8740, 8740, 8740, 8740
Seq_Read, 6730.000000, 6730, 6730, 6730, 6730
Seq_Read, 6749.000000, 6749, 6749, 6749, 6749
Seq_Read, 6934.000000, 6934, 6934, 6934, 6934
Seq_Read, 6552.000000, 6552, 6552, 6552, 6552
Seq_Read, 7173.000000, 7173, 7173, 7173, 7173
Seq_Read, 4857.000000, 4857, 4857, 4857, 4857
Seq_Read, 4579.000000, 4579, 4579, 4579, 4579
Seq_Read, 4921.000000, 4921, 4921, 4921, 4921
Seq_Read, 4646.000000, 4646, 4646, 4646, 4646
Seq_Read, 6666.000000, 6666, 6666, 6666, 6666
Seq_Read, 6933.000000, 6933, 6933, 6933, 6933
Seq_Read, 6260.000000, 6260, 6260, 6260, 6260
Seq_Read, 6585.000000, 6585, 6585, 6585, 6585
Seq_Read, 6455.000000, 6455, 6455, 6455, 6455
Seq_Read, 6552.000000, 6552, 6552, 6552, 6552
Seq_Read, 7603.000000, 7603, 7603, 7603, 7603
Seq_Read, 5397.000000, 5397, 5397, 5397, 5397
Seq_Read, 4949.000000, 4949, 4949, 4949, 4949
Seq_Read, 4776.000000, 4776, 4776, 4776, 4776
Seq_Read, 5506.000000, 5506, 5506, 5506, 5506
Seq_Read, 4982.000000, 4982, 4982, 4982, 4982
Seq_Read, 4618.000000, 4618, 4618, 4618, 4618
Seq_Read, 5388.000000, 5388, 5388, 5388, 5388
Seq_Read, 6418.000000, 6418, 6418, 6418, 6418
Seq_Read, 6440.000000, 6440, 6440, 6440, 6440
Seq_Read, 7179.000000, 7179, 7179, 7179, 7179
Seq_Read, 4470.000000, 4470, 4470, 4470, 4470
Seq_Read, 4709.000000, 4709, 4709, 4709, 4709
Seq_Read, 4336.000000, 4336, 4336, 4336, 4336
Seq_Read, 6288.000000, 6288, 6288, 6288, 6288
Seq_Read, 6294.000000, 6294, 6294, 6294, 6294
Seq_Read, 87288497.000000, 87288497, 87288497, 87288497, 87288497
Seq_Read, 26752478.000000, 26752478, 26752478, 26752478, 26752478
Seq_Read, 21166.000000, 21166, 21166, 21166, 21166
Seq_Read, 8445.000000, 8445, 8445, 8445, 8445
Seq_Read, 8449.000000, 8449, 8449, 8449, 8449
Seq_Read, 10206.000000, 10206, 10206, 10206, 10206
Seq_Read, 12454.000000, 12454, 12454, 12454, 12454
Seq_Read, 14724.000000, 14724, 14724, 14724, 14724
Seq_Read, 11518.000000, 11518, 11518, 11518, 11518
Seq_Read, 11091.000000, 11091, 11091, 11091, 11091
Seq_Read, 12948.000000, 12948, 12948, 12948, 12948
Seq_Read, 11006.000000, 11006, 11006, 11006, 11006
Seq_Read, 9209.000000, 9209, 9209, 9209, 9209
Seq_Read, 11400.000000, 11400, 11400, 11400, 11400
Seq_Read, 12037.000000, 12037, 12037, 12037, 12037
Seq_Read, 10145.000000, 10145, 10145, 10145, 10145
Seq_Read, 8800.000000, 8800, 8800, 8800, 8800
Seq_Read, 11843.000000, 11843, 11843, 11843, 11843
Seq_Read, 13008.000000, 13008, 13008, 13008, 13008
Seq_Read, 14220.000000, 14220, 14220, 14220, 14220
Seq_Read, 12952.000000, 12952, 12952, 12952, 12952
Seq_Read, 12248.000000, 12248, 12248, 12248, 12248
Seq_Read, 18425.000000, 18425, 18425, 18425, 18425
Seq_Read, 17533.000000, 17533, 17533, 17533, 17533
Seq_Read, 19858.000000, 19858, 19858, 19858, 19858
Seq_Read, 13304.000000, 13304, 13304, 13304, 13304
Seq_Read, 11872.000000, 11872, 11872, 11872, 11872
Seq_Read, 11744.000000, 11744, 11744, 11744, 11744
Seq_Read, 12448.000000, 12448, 12448, 12448, 12448
Seq_Read, 13308.000000, 13308, 13308, 13308, 13308
Seq_Read, 12112.000000, 12112, 12112, 12112, 12112
Seq_Read, 13092.000000, 13092, 13092, 13092, 13092
Seq_Read, 11888.000000, 11888, 11888, 11888, 11888
Seq_Read, 12604.000000, 12604, 12604, 12604, 12604
Seq_Read, 12300.000000, 12300, 12300, 12300, 12300
Seq_Read, 11980.000000, 11980, 11980, 11980, 11980
Seq_Read, 11944.000000, 11944, 11944, 11944, 11944
Seq_Read, 13100.000000, 13100, 13100, 13100, 13100
Seq_Read, 12160.000000, 12160, 12160, 12160, 12160
Seq_Read, 11776.000000, 11776, 11776, 11776, 11776
Seq_Read, 12000.000000, 12000, 12000, 12000, 12000
Seq_Read, 12284.000000, 12284, 12284, 12284, 12284
Seq_Read, 13076.000000, 13076, 13076, 13076, 13076
Seq_Read, 17275.000000, 17275, 17275, 17275, 17275
Seq_Read, 11396.000000, 11396, 11396, 11396, 11396
Seq_Read, 12556.000000, 12556, 12556, 12556, 12556
Seq_Read, 11932.000000, 11932, 11932, 11932, 11932
Seq_Read, 11592.000000, 11592, 11592, 11592, 11592
Seq_Read, 11832.000000, 11832, 11832, 11832, 11832
Seq_Read, 11752.000000, 11752, 11752, 11752, 11752
Seq_Read, 11792.000000, 11792, 11792, 11792, 11792
Seq_Read, 12376.000000, 12376, 12376, 12376, 12376
Seq_Read, 13103.000000, 13103, 13103, 13103, 13103
Seq_Read, 8669.000000, 8669, 8669, 8669, 8669
Seq_Read, 9648.000000, 9648, 9648, 9648, 9648
Seq_Read, 8555.000000, 8555, 8555, 8555, 8555
Seq_Read, 9703.000000, 9703, 9703, 9703, 9703
Seq_Read, 9152.000000, 9152, 9152, 9152, 9152
Seq_Read, 8812.000000, 8812, 8812, 8812, 8812
Seq_Read, 8818.000000, 8818, 8818, 8818, 8818
Seq_Read, 11567.000000, 11567, 11567, 11567, 11567
Seq_Read, 8285.000000, 8285, 8285, 8285, 8285
Seq_Read, 9582.000000, 9582, 9582, 9582, 9582
Seq_Read, 9091.000000, 9091, 9091, 9091, 9091
Seq_Read, 7642.000000, 7642, 7642, 7642, 7642
Seq_Read, 8527.000000, 8527, 8527, 8527, 8527
Seq_Read, 8000.000000, 8000, 8000, 8000, 8000
Seq_Read, 8079.000000, 8079, 8079, 8079, 8079
Seq_Read, 8006.000000, 8006, 8006, 8006, 8006
Seq_Read, 8197.000000, 8197, 8197, 8197, 8197
Seq_Read, 8191.000000, 8191, 8191, 8191, 8191
Seq_Read, 8245.000000, 8245, 8245, 8245, 8245
Seq_Read, 11909.000000, 11909, 11909, 11909, 11909
Seq_Read, 9282.000000, 9282, 9282, 9282, 9282
Seq_Read, 7633.000000, 7633, 7633, 7633, 7633
Seq_Read, 7809.000000, 7809, 7809, 7809, 7809
Seq_Read, 7703.000000, 7703, 7703, 7703, 7703
Seq_Read, 7248.000000, 7248, 7248, 7248, 7248
Seq_Read, 7900.000000, 7900, 7900, 7900, 7900
Seq_Read, 8291.000000, 8291, 8291, 8291, 8291
Seq_Read, 9451.000000, 9451, 9451, 9451, 9451
Seq_Read, 8254.000000, 8254, 8254, 8254, 8254
Seq_Read, 7855.000000, 7855, 7855, 7855, 7855
Seq_Read, 8782.000000, 8782, 8782, 8782, 8782
Seq_Read, 8918.000000, 8918, 8918, 8918, 8918
Seq_Read, 9825.000000, 9825, 9825, 9825, 9825
Seq_Read, 7830.000000, 7830, 7830, 7830, 7830
Seq_Read, 7351.000000, 7351, 7351, 7351, 7351
Seq_Read, 8427.000000, 8427, 8427, 8427, 8427
Seq_Read, 9394.000000, 9394, 9394, 9394, 9394
Seq_Read, 9970.000000, 9970, 9970, 9970, 9970
Seq_Read, 9873.000000, 9873, 9873, 9873, 9873
Seq_Read, 8691.000000, 8691, 8691, 8691, 8691
Seq_Read, 8960.000000, 8960, 8960, 8960, 8960
Seq_Read, 8257.000000, 8257, 8257, 8257, 8257
Seq_Read, 8021.000000, 8021, 8021, 8021, 8021
Seq_Read, 8837.000000, 8837, 8837, 8837, 8837
Seq_Read, 7831.000000, 7831, 7831, 7831, 7831
Seq_Read, 8500.000000, 8500, 8500, 8500, 8500
Seq_Read, 8079.000000, 8079, 8079, 8079, 8079
Seq_Read, 7967.000000, 7967, 7967, 7967, 7967
Seq_Read, 8248.000000, 8248, 8248, 8248, 8248
Seq_Read, 8846.000000, 8846, 8846, 8846, 8846
Seq_Read, 8428.000000, 8428, 8428, 8428, 8428
Seq_Read, 8664.000000, 8664, 8664, 8664, 8664
Seq_Read, 7806.000000, 7806, 7806, 7806, 7806
Seq_Read, 9266.000000, 9266, 9266, 9266, 9266
Seq_Read, 8436.000000, 8436, 8436, 8436, 8436
Seq_Read, 7521.000000, 7521, 7521, 7521, 7521
Seq_Read, 8139.000000, 8139, 8139, 8139, 8139
Seq_Read, 8218.000000, 8218, 8218, 8218, 8218
Seq_Read, 9140.000000, 9140, 9140, 9140, 9140
Seq_Read, 8939.000000, 8939, 8939, 8939, 8939
Seq_Read, 8137.000000, 8137, 8137, 8137, 8137
Seq_Read, 8109.000000, 8109, 8109, 8109, 8109
Seq_Read, 7667.000000, 7667, 7667, 7667, 7667
Seq_Read, 7815.000000, 7815, 7815, 7815, 7815
Seq_Read, 8433.000000, 8433, 8433, 8433, 8433
Seq_Read, 8173.000000, 8173, 8173, 8173, 8173
Seq_Read, 10842.000000, 10842, 10842, 10842, 10842
Seq_Read, 8042.000000, 8042, 8042, 8042, 8042
Seq_Read, 7861.000000, 7861, 7861, 7861, 7861
Seq_Read, 8322.000000, 8322, 8322, 8322, 8322
Seq_Read, 8076.000000, 8076, 8076, 8076, 8076
Seq_Read, 8622.000000, 8622, 8622, 8622, 8622
Seq_Read, 7839.000000, 7839, 7839, 7839, 7839
Seq_Read, 7945.000000, 7945, 7945, 7945, 7945
Seq_Read, 9442.000000, 9442, 9442, 9442, 9442
Seq_Read, 8757.000000, 8757, 8757, 8757, 8757
Seq_Read, 7915.000000, 7915, 7915, 7915, 7915
Seq_Read, 8394.000000, 8394, 8394, 8394, 8394
Seq_Read, 8564.000000, 8564, 8564, 8564, 8564
Seq_Read, 7681.000000, 7681, 7681, 7681, 7681
Seq_Read, 8709.000000, 8709, 8709, 8709, 8709
Seq_Read, 7694.000000, 7694, 7694, 7694, 7694
Seq_Read, 7940.000000, 7940, 7940, 7940, 7940
Seq_Read, 7688.000000, 7688, 7688, 7688, 7688
Seq_Read, 9067.000000, 9067, 9067, 9067, 9067
Seq_Read, 10433.000000, 10433, 10433, 10433, 10433
Seq_Read, 8251.000000, 8251, 8251, 8251, 8251
Seq_Read, 10606.000000, 10606, 10606, 10606, 10606
Seq_Read, 9512.000000, 9512, 9512, 9512, 9512
Seq_Read, 9073.000000, 9073, 9073, 9073, 9073
Seq_Read, 53547629.000000, 53547629, 53547629, 53547629, 53547629
Seq_Read, 53958658.000000, 53958658, 53958658, 53958658, 53958658
Seq_Read, 54374653.000000, 54374653, 54374653, 54374653, 54374653
Seq_Read, 52109164.000000, 52109164, 52109164, 52109164, 52109164
Seq_Read, 43146476.000000, 43146476, 43146476, 43146476, 43146476
Seq_Read, 41960889.000000, 41960889, 41960889, 41960889, 41960889
Seq_Read, 31732374.000000, 31732374, 31732374, 31732374, 31732374
Seq_Read, 23423073.000000, 23423073, 23423073, 23423073, 23423073
Seq_Read, 55669872.000000, 55669872, 55669872, 55669872, 55669872
Seq_Read, 31980574.000000, 31980574, 31980574, 31980574, 31980574
Seq_Read, 56404781.000000, 56404781, 56404781, 56404781, 56404781
Seq_Read, 16003.000000, 16003, 16003, 16003, 16003
Seq_Read, 9797.000000, 9797, 9797, 9797, 9797
Seq_Read, 12221.000000, 12221, 12221, 12221, 12221
Seq_Read, 11725.000000, 11725, 11725, 11725, 11725
Seq_Read, 11451.000000, 11451, 11451, 11451, 11451
Seq_Read, 14645.000000, 14645, 14645, 14645, 14645
Seq_Read, 14945.000000, 14945, 14945, 14945, 14945
Seq_Read, 15500.000000, 15500, 15500, 15500, 15500
Seq_Read, 16051.000000, 16051, 16051, 16051, 16051
Seq_Read, 12676.000000, 12676, 12676, 12676, 12676
Seq_Read, 12206.000000, 12206, 12206, 12206, 12206
Seq_Read, 12518.000000, 12518, 12518, 12518, 12518
Seq_Read, 13000.000000, 13000, 13000, 13000, 13000
Seq_Read, 11891.000000, 11891, 11891, 11891, 11891
Seq_Read, 15206.000000, 15206, 15206, 15206, 15206
Seq_Read, 12234.000000, 12234, 12234, 12234, 12234
Seq_Read, 13021.000000, 13021, 13021, 13021, 13021
Seq_Read, 8760.000000, 8760, 8760, 8760, 8760
Seq_Read, 23708.000000, 23708, 23708, 23708, 23708
Seq_Read, 27758.000000, 27758, 27758, 27758, 27758
Seq_Read, 31058.000000, 31058, 31058, 31058, 31058
Seq_Read, 27359.000000, 27359, 27359, 27359, 27359
Seq_Read, 27459.000000, 27459, 27459, 27459, 27459
Seq_Read, 27575.000000, 27575, 27575, 27575, 27575
Seq_Read, 32350.000000, 32350, 32350, 32350, 32350
Seq_Read, 28750.000000, 28750, 28750, 28750, 28750
Seq_Read, 24700.000000, 24700, 24700, 24700, 24700
Seq_Read, 26825.000000, 26825, 26825, 26825, 26825
Seq_Read, 28942.000000, 28942, 28942, 28942, 28942
Seq_Read, 24433.000000, 24433, 24433, 24433, 24433
Seq_Read, 31975.000000, 31975, 31975, 31975, 31975
Seq_Read, 28858.000000, 28858, 28858, 28858, 28858
Seq_Read, 29584.000000, 29584, 29584, 29584, 29584
Seq_Read, 20508.000000, 20508, 20508, 20508, 20508
Seq_Read, 9727.000000, 9727, 9727, 9727, 9727
Seq_Read, 9188.000000, 9188, 9188, 9188, 9188
Seq_Read, 18458.000000, 18458, 18458, 18458, 18458
Seq_Read, 18675.000000, 18675, 18675, 18675, 18675
Seq_Read, 19992.000000, 19992, 19992, 19992, 19992
Seq_Read, 18383.000000, 18383, 18383, 18383, 18383
Seq_Read, 18567.000000, 18567, 18567, 18567, 18567
Seq_Read, 19150.000000, 19150, 19150, 19150, 19150
Seq_Read, 17783.000000, 17783, 17783, 17783, 17783
Seq_Read, 19933.000000, 19933, 19933, 19933, 19933
Seq_Read, 19367.000000, 19367, 19367, 19367, 19367
Seq_Read, 17884.000000, 17884, 17884, 17884, 17884
Seq_Read, 18667.000000, 18667, 18667, 18667, 18667
Seq_Read, 18533.000000, 18533, 18533, 18533, 18533
Seq_Read, 17675.000000, 17675, 17675, 17675, 17675
Seq_Read, 22800.000000, 22800, 22800, 22800, 22800
Seq_Read, 18941.000000, 18941, 18941, 18941, 18941
Seq_Read, 22592.000000, 22592, 22592, 22592, 22592
Seq_Read, 18059.000000, 18059, 18059, 18059, 18059
Seq_Read, 18433.000000, 18433, 18433, 18433, 18433
Seq_Read, 18575.000000, 18575, 18575, 18575, 18575
Seq_Read, 20617.000000, 20617, 20617, 20617, 20617
Seq_Read, 20025.000000, 20025, 20025, 20025, 20025
Seq_Read, 20200.000000, 20200, 20200, 20200, 20200
Seq_Read, 39059.000000, 39059, 39059, 39059, 39059
Seq_Read, 17117.000000, 17117, 17117, 17117, 17117
Seq_Read, 20942.000000, 20942, 20942, 20942, 20942
Seq_Read, 23242.000000, 23242, 23242, 23242, 23242
Seq_Read, 18809.000000, 18809, 18809, 18809, 18809
Seq_Read, 17825.000000, 17825, 17825, 17825, 17825
Seq_Read, 18117.000000, 18117, 18117, 18117, 18117
Seq_Read, 19250.000000, 19250, 19250, 19250, 19250
Seq_Read, 21975.000000, 21975, 21975, 21975, 21975
Seq_Read, 18033.000000, 18033, 18033, 18033, 18033
Seq_Read, 10667.000000, 10667, 10667, 10667, 10667
Seq_Read, 9427.000000, 9427, 9427, 9427, 9427
Seq_Read, 11388.000000, 11388, 11388, 11388, 11388
Seq_Read, 8545.000000, 8545, 8545, 8545, 8545
Seq_Read, 8345.000000, 8345, 8345, 8345, 8345
Seq_Read, 8518.000000, 8518, 8518, 8518, 8518
Seq_Read, 8973.000000, 8973, 8973, 8973, 8973
Seq_Read, 9909.000000, 9909, 9909, 9909, 9909
Seq_Read, 8679.000000, 8679, 8679, 8679, 8679
Seq_Read, 10230.000000, 10230, 10230, 10230, 10230
Seq_Read, 9224.000000, 9224, 9224, 9224, 9224
Seq_Read, 9148.000000, 9148, 9148, 9148, 9148
Seq_Read, 8160.000000, 8160, 8160, 8160, 8160
Seq_Read, 8770.000000, 8770, 8770, 8770, 8770
Seq_Read, 8539.000000, 8539, 8539, 8539, 8539
Seq_Read, 8673.000000, 8673, 8673, 8673, 8673
Seq_Read, 9661.000000, 9661, 9661, 9661, 9661
Seq_Read, 8515.000000, 8515, 8515, 8515, 8515
Seq_Read, 9443.000000, 9443, 9443, 9443, 9443
Seq_Read, 9673.000000, 9673, 9673, 9673, 9673
Seq_Read, 9179.000000, 9179, 9179, 9179, 9179
Seq_Read, 8936.000000, 8936, 8936, 8936, 8936
Seq_Read, 8245.000000, 8245, 8245, 8245, 8245
Seq_Read, 8269.000000, 8269, 8269, 8269, 8269
Seq_Read, 9103.000000, 9103, 9103, 9103, 9103
Seq_Read, 8615.000000, 8615, 8615, 8615, 8615
Seq_Read, 9288.000000, 9288, 9288, 9288, 9288
Seq_Read, 9249.000000, 9249, 9249, 9249, 9249
Seq_Read, 8621.000000, 8621, 8621, 8621, 8621
Seq_Read, 14446.000000, 14446, 14446, 14446, 14446
Seq_Read, 10561.000000, 10561, 10561, 10561, 10561
Seq_Read, 9718.000000, 9718, 9718, 9718, 9718
Seq_Read, 16679.000000, 16679, 16679, 16679, 16679
Seq_Read, 11079.000000, 11079, 11079, 11079, 11079
Seq_Read, 14297.000000, 14297, 14297, 14297, 14297
Seq_Read, 10224.000000, 10224, 10224, 10224, 10224
Seq_Read, 10234.000000, 10234, 10234, 10234, 10234
Seq_Read, 10415.000000, 10415, 10415, 10415, 10415
Seq_Read, 8839.000000, 8839, 8839, 8839, 8839
Seq_Read, 9428.000000, 9428, 9428, 9428, 9428
Seq_Read, 7888.000000, 7888, 7888, 7888, 7888
Seq_Read, 9839.000000, 9839, 9839, 9839, 9839
Seq_Read, 8436.000000, 8436, 8436, 8436, 8436
Seq_Read, 8309.000000, 8309, 8309, 8309, 8309
Seq_Read, 8415.000000, 8415, 8415, 8415, 8415
Seq_Read, 8646.000000, 8646, 8646, 8646, 8646
Seq_Read, 11291.000000, 11291, 11291, 11291, 11291
Seq_Read, 13288.000000, 13288, 13288, 13288, 13288
Seq_Read, 8800.000000, 8800, 8800, 8800, 8800
Seq_Read, 8779.000000, 8779, 8779, 8779, 8779
Seq_Read, 9985.000000, 9985, 9985, 9985, 9985
Seq_Read, 8115.000000, 8115, 8115, 8115, 8115
Seq_Read, 8500.000000, 8500, 8500, 8500, 8500
Seq_Read, 9106.000000, 9106, 9106, 9106, 9106
Seq_Read, 8497.000000, 8497, 8497, 8497, 8497
Seq_Read, 8276.000000, 8276, 8276, 8276, 8276
Seq_Read, 8133.000000, 8133, 8133, 8133, 8133
Seq_Read, 8740.000000, 8740, 8740, 8740, 8740
Seq_Read, 8257.000000, 8257, 8257, 8257, 8257
Seq_Read, 8257.000000, 8257, 8257, 8257, 8257
Seq_Read, 9597.000000, 9597, 9597, 9597, 9597
Seq_Read, 7615.000000, 7615, 7615, 7615, 7615
Seq_Read, 9309.000000, 9309, 9309, 9309, 9309
Seq_Read, 8676.000000, 8676, 8676, 8676, 8676
Seq_Read, 7903.000000, 7903, 7903, 7903, 7903
Seq_Read, 8909.000000, 8909, 8909, 8909, 8909
Seq_Read, 8003.000000, 8003, 8003, 8003, 8003
Seq_Read, 8212.000000, 8212, 8212, 8212, 8212
Seq_Read, 8133.000000, 8133, 8133, 8133, 8133
Seq_Read, 9006.000000, 9006, 9006, 9006, 9006
Seq_Read, 9963.000000, 9963, 9963, 9963, 9963
Seq_Read, 9309.000000, 9309, 9309, 9309, 9309
Seq_Read, 9115.000000, 9115, 9115, 9115, 9115
Seq_Read, 9303.000000, 9303, 9303, 9303, 9303
Seq_Read, 8909.000000, 8909, 8909, 8909, 8909
Seq_Read, 8333.000000, 8333, 8333, 8333, 8333
Seq_Read, 7530.000000, 7530, 7530, 7530, 7530
Seq_Read, 8473.000000, 8473, 8473, 8473, 8473
Seq_Read, 9131.000000, 9131, 9131, 9131, 9131
Seq_Read, 7967.000000, 7967, 7967, 7967, 7967
Seq_Read, 8646.000000, 8646, 8646, 8646, 8646
Seq_Read, 7806.000000, 7806, 7806, 7806, 7806
Seq_Read, 8273.000000, 8273, 8273, 8273, 8273
Seq_Read, 8839.000000, 8839, 8839, 8839, 8839
Seq_Read, 9285.000000, 9285, 9285, 9285, 9285
Seq_Read, 8942.000000, 8942, 8942, 8942, 8942
Seq_Read, 7761.000000, 7761, 7761, 7761, 7761
Seq_Read, 9800.000000, 9800, 9800, 9800, 9800
Seq_Read, 7827.000000, 7827, 7827, 7827, 7827
Seq_Read, 8415.000000, 8415, 8415, 8415, 8415
Seq_Read, 8000.000000, 8000, 8000, 8000, 8000
Seq_Read, 8718.000000, 8718, 8718, 8718, 8718
Seq_Read, 8240.000000, 8240, 8240, 8240, 8240
Seq_Read, 8767.000000, 8767, 8767, 8767, 8767
Seq_Read, 9285.000000, 9285, 9285, 9285, 9285
Seq_Read, 9382.000000, 9382, 9382, 9382, 9382
Seq_Read, 8939.000000, 8939, 8939, 8939, 8939
Seq_Read, 9279.000000, 9279, 9279, 9279, 9279
Seq_Read, 8082.000000, 8082, 8082, 8082, 8082
Seq_Read, 8382.000000, 8382, 8382, 8382, 8382
Seq_Read, 8700.000000, 8700, 8700, 8700, 8700
Seq_Read, 8518.000000, 8518, 8518, 8518, 8518
Seq_Read, 8845.000000, 8845, 8845, 8845, 8845
Seq_Read, 7800.000000, 7800, 7800, 7800, 7800
Seq_Read, 7640.000000, 7640, 7640, 7640, 7640
Seq_Read, 9543.000000, 9543, 9543, 9543, 9543
Seq_Read, 8067.000000, 8067, 8067, 8067, 8067
Seq_Read, 7673.000000, 7673, 7673, 7673, 7673
Seq_Read, 8458.000000, 8458, 8458, 8458, 8458
Seq_Read, 7545.000000, 7545, 7545, 7545, 7545
Seq_Read, 7558.000000, 7558, 7558, 7558, 7558
Seq_Read, 8806.000000, 8806, 8806, 8806, 8806
Seq_Read, 9000.000000, 9000, 9000, 9000, 9000
Seq_Read, 8191.000000, 8191, 8191, 8191, 8191
Seq_Read, 8451.000000, 8451, 8451, 8451, 8451
Seq_Read, 8379.000000, 8379, 8379, 8379, 8379
Seq_Read, 8385.000000, 8385, 8385, 8385, 8385
Seq_Read, 9203.000000, 9203, 9203, 9203, 9203
Seq_Read, 8634.000000, 8634, 8634, 8634, 8634
Seq_Read, 8233.000000, 8233, 8233, 8233, 8233
Seq_Read, 8873.000000, 8873, 8873, 8873, 8873
Seq_Read, 9697.000000, 9697, 9697, 9697, 9697
Seq_Read, 8918.000000, 8918, 8918, 8918, 8918
Seq_Read, 7991.000000, 7991, 7991, 7991, 7991
Seq_Read, 7867.000000, 7867, 7867, 7867, 7867
Seq_Read, 8091.000000, 8091, 8091, 8091, 8091
Seq_Read, 8370.000000, 8370, 8370, 8370, 8370
Seq_Read, 9106.000000, 9106, 9106, 9106, 9106
Seq_Read, 8649.000000, 8649, 8649, 8649, 8649
Seq_Read, 8973.000000, 8973, 8973, 8973, 8973
Seq_Read, 8076.000000, 8076, 8076, 8076, 8076
Seq_Read, 8261.000000, 8261, 8261, 8261, 8261
Seq_Read, 8473.000000, 8473, 8473, 8473, 8473
Seq_Read, 8118.000000, 8118, 8118, 8118, 8118
Seq_Read, 8475.000000, 8475, 8475, 8475, 8475
Seq_Read, 8739.000000, 8739, 8739, 8739, 8739
Seq_Read, 8197.000000, 8197, 8197, 8197, 8197
Seq_Read, 8615.000000, 8615, 8615, 8615, 8615
Seq_Read, 8173.000000, 8173, 8173, 8173, 8173
Seq_Read, 8279.000000, 8279, 8279, 8279, 8279
Seq_Read, 8006.000000, 8006, 8006, 8006, 8006
Seq_Read, 9731.000000, 9731, 9731, 9731, 9731
Seq_Read, 8558.000000, 8558, 8558, 8558, 8558
Seq_Read, 8364.000000, 8364, 8364, 8364, 8364
Seq_Read, 8121.000000, 8121, 8121, 8121, 8121
Seq_Read, 8085.000000, 8085, 8085, 8085, 8085
Seq_Read, 8125.000000, 8125, 8125, 8125, 8125
Seq_Read, 7554.000000, 7554, 7554, 7554, 7554
Seq_Read, 7388.000000, 7388, 7388, 7388, 7388
Seq_Read, 8918.000000, 8918, 8918, 8918, 8918
Seq_Read, 8685.000000, 8685, 8685, 8685, 8685
Seq_Read, 7336.000000, 7336, 7336, 7336, 7336
Seq_Read, 7688.000000, 7688, 7688, 7688, 7688
Seq_Read, 8379.000000, 8379, 8379, 8379, 8379
Seq_Read, 8591.000000, 8591, 8591, 8591, 8591
Seq_Read, 8160.000000, 8160, 8160, 8160, 8160
Seq_Read, 8027.000000, 8027, 8027, 8027, 8027
Seq_Read, 7515.000000, 7515, 7515, 7515, 7515
Seq_Read, 7970.000000, 7970, 7970, 7970, 7970
Seq_Read, 9024.000000, 9024, 9024, 9024, 9024
Seq_Read, 9466.000000, 9466, 9466, 9466, 9466
Seq_Read, 8394.000000, 8394, 8394, 8394, 8394
Seq_Read, 7851.000000, 7851, 7851, 7851, 7851
Seq_Read, 12097.000000, 12097, 12097, 12097, 12097
Seq_Read, 18139.000000, 18139, 18139, 18139, 18139
Seq_Read, 20237355.000000, 20237355, 20237355, 20237355, 20237355
Seq_Read, 10570703.000000, 10570703, 10570703, 10570703, 10570703
Seq_Read, 22279154.000000, 22279154, 22279154, 22279154, 22279154
Seq_Read, 76795757.000000, 76795757, 76795757, 76795757, 76795757
Seq_Read, 41446606.000000, 41446606, 41446606, 41446606, 41446606
Seq_Read, 22587172.000000, 22587172, 22587172, 22587172, 22587172
Seq_Read, 38109720.000000, 38109720, 38109720, 38109720, 38109720
Seq_Read, 14407067.000000, 14407067, 14407067, 14407067, 14407067
Seq_Read, 39339857.000000, 39339857, 39339857, 39339857, 39339857
Seq_Read, 46149690.000000, 46149690, 46149690, 46149690, 46149690
Seq_Read, 24703243.000000, 24703243, 24703243, 24703243, 24703243
Seq_Read, 78611839.000000, 78611839, 78611839, 78611839, 78611839
Seq_Read, 80486148.000000, 80486148, 80486148, 80486148, 80486148
Seq_Read, 14976.000000, 14976, 14976, 14976, 14976
Seq_Read, 10509.000000, 10509, 10509, 10509, 10509
